 esp1   esp2   esp3  PSI:0.909091 esp1   esp2   esp3  PSI:1 esp1   esp2   esp3  PSI:1.11111 t 
0.143627  -0.16004  -0.438517  0.111111  -0.204962  -0.333764  0.182347  -0.144846  -0.380288  60.001
0.180187  -0.188197  -0.468716  0.137988  -0.215635  -0.359849  0.221862  -0.156471  -0.396997  120.001
0.192965  -0.187991  -0.488405  0.133687  -0.214784  -0.363197  0.181502  -0.161603  -0.379666  180.001
0.203987  -0.193691  -0.492092  0.167096  -0.235711  -0.370488  0.185675  -0.189735  -0.356957  240.001
0.21143  -0.217116  -0.469351  0.164689  -0.233925  -0.367131  0.189383  -0.193145  -0.36154  300.001
0.187941  -0.192945  -0.476059  0.175186  -0.236086  -0.372494  0.177783  -0.182218  -0.36752  360.001
0.185434  -0.193528  -0.473867  0.178866  -0.232698  -0.379751  0.178713  -0.185353  -0.369789  420.001
0.186805  -0.201429  -0.467422  0.178912  -0.234612  -0.380774  0.16795  -0.183371  -0.365061  480.001
0.186487  -0.201  -0.46817  0.173481  -0.230877  -0.380041  0.175527  -0.186  -0.370922  540.001
0.174101  -0.193495  -0.464351  0.171208  -0.228779  -0.381109  0.177101  -0.190647  -0.368215  600.001
0.176081  -0.198042  -0.459548  0.174609  -0.229473  -0.383927  0.182414  -0.19149  -0.370337  660.001
0.173207  -0.195374  -0.460604  0.176793  -0.231456  -0.380741  0.18082  -0.187499  -0.374562  720.001
0.169244  -0.200366  -0.453759  0.174655  -0.224829  -0.386621  0.18111  -0.191197  -0.372735  780.001
0.168721  -0.204928  -0.44948  0.168186  -0.219515  -0.38368  0.182212  -0.191713  -0.374623  840.001
0.169445  -0.206788  -0.448746  0.163563  -0.215601  -0.384739  0.184281  -0.197863  -0.370133  900.001
0.166626  -0.209011  -0.444452  0.159682  -0.208333  -0.387889  0.178015  -0.194107  -0.368473  960.001
0.166903  -0.212615  -0.441416  0.160671  -0.213914  -0.382989  0.17647  -0.192386  -0.36767  1020
0.15955  -0.203565  -0.444115  0.158744  -0.211692  -0.382395  0.17081  -0.186033  -0.368929  1080
0.154325  -0.204617  -0.437507  0.160127  -0.214009  -0.381951  0.17154  -0.186207  -0.369705  1140
0.151937  -0.200702  -0.438463  0.163366  -0.217376  -0.379981  0.165391  -0.184683  -0.366197  1200
0.152838  -0.196617  -0.442614  0.163332  -0.21886  -0.378203  0.164945  -0.185011  -0.366221  1260
0.153324  -0.201554  -0.438816  0.162518  -0.21709  -0.378675  0.163477  -0.185093  -0.363934  1320
0.150631  -0.200017  -0.438178  0.162518  -0.214941  -0.381972  0.163903  -0.182517  -0.367446  1380
0.15122  -0.198834  -0.438873  0.162095  -0.216779  -0.379823  0.165525  -0.18487  -0.366463  1440
0.155053  -0.20166  -0.438082  0.160818  -0.21583  -0.379994  0.163971  -0.186411  -0.36393  1500
0.155393  -0.203217  -0.437137  0.162457  -0.215241  -0.381359  0.163843  -0.18839  -0.361873  1560
0.155811  -0.205612  -0.435263  0.161171  -0.213271  -0.382945  0.167397  -0.189789  -0.362972  1620
0.154261  -0.208165  -0.431887  0.158483  -0.210515  -0.383183  0.16363  -0.189232  -0.360598  1680
0.153751  -0.20849  -0.431522  0.160073  -0.209977  -0.385883  0.166619  -0.190356  -0.361392  1740
0.153727  -0.206588  -0.433862  0.157078  -0.205253  -0.388652  0.168141  -0.189349  -0.363331  1800
0.155196  -0.208591  -0.431872  0.158581  -0.204454  -0.391022  0.168356  -0.19025  -0.362318  1860
0.156301  -0.209067  -0.432503  0.158748  -0.205041  -0.390577  0.170242  -0.190259  -0.362479  1920
0.158365  -0.209836  -0.433938  0.158971  -0.202749  -0.393621  0.170731  -0.191708  -0.361691  1980
0.158015  -0.210026  -0.434088  0.157671  -0.200168  -0.395447  0.172212  -0.192674  -0.3624  2040
0.157828  -0.210181  -0.433486  0.157017  -0.203149  -0.391856  0.173995  -0.193501  -0.363148  2100
0.158411  -0.210919  -0.433796  0.158834  -0.204089  -0.392341  0.173468  -0.191932  -0.364752  2160
0.158462  -0.21275  -0.431674  0.159285  -0.203328  -0.394058  0.173461  -0.192916  -0.363204  2220
0.159219  -0.212977  -0.432477  0.160267  -0.204833  -0.393221  0.17586  -0.194808  -0.363571  2280
0.159267  -0.2127  -0.433172  0.162812  -0.206948  -0.393128  0.175076  -0.193031  -0.365183  2340
0.158636  -0.212544  -0.433508  0.163286  -0.206252  -0.394526  0.173826  -0.192576  -0.364712  2400
0.160708  -0.213554  -0.434101  0.165973  -0.208669  -0.394455  0.172338  -0.192731  -0.363522  2460
0.160848  -0.213113  -0.434921  0.164687  -0.208392  -0.393346  0.171355  -0.191829  -0.36365  2520
0.160891  -0.21381  -0.434266  0.165423  -0.209106  -0.392846  0.170783  -0.189893  -0.36529  2580
0.16094  -0.213529  -0.434808  0.162324  -0.20899  -0.390276  0.170705  -0.190941  -0.364235  2640
0.160355  -0.213118  -0.434611  0.16133  -0.20878  -0.389138  0.170459  -0.191679  -0.363829  2700
0.160741  -0.213204  -0.434584  0.161507  -0.208174  -0.389935  0.171622  -0.190678  -0.365945  2760
0.161898  -0.213113  -0.435826  0.162364  -0.209584  -0.38925  0.171548  -0.191261  -0.365288  2820
0.160787  -0.211089  -0.437073  0.161529  -0.210209  -0.388098  0.172646  -0.191401  -0.366559  2880
0.161261  -0.212789  -0.436062  0.160703  -0.209702  -0.387696  0.171103  -0.191962  -0.364812  2940
0.160495  -0.211629  -0.437062  0.160556  -0.209685  -0.387829  0.170791  -0.191131  -0.365154  3000
0.160043  -0.211548  -0.436963  0.160419  -0.21027  -0.387282  0.170011  -0.191117  -0.364647  3060
0.159864  -0.21266  -0.435757  0.161784  -0.211881  -0.386741  0.170387  -0.191595  -0.364458  3120
0.162643  -0.214484  -0.436303  0.162941  -0.212816  -0.386767  0.169395  -0.191554  -0.363797  3180
0.163648  -0.21375  -0.437878  0.161183  -0.211439  -0.386608  0.169026  -0.191269  -0.363988  3240
0.16403  -0.213417  -0.43854  0.160862  -0.210628  -0.386638  0.169117  -0.191756  -0.363516  3300
0.164529  -0.214389  -0.438183  0.161067  -0.212008  -0.38575  0.170576  -0.193382  -0.363305  3360
0.166333  -0.214073  -0.440331  0.161654  -0.212116  -0.386054  0.170086  -0.193562  -0.362637  3420
0.166327  -0.213463  -0.441104  0.162055  -0.212223  -0.386667  0.16978  -0.193441  -0.362333  3480
0.166325  -0.213729  -0.440942  0.161413  -0.212991  -0.385598  0.167723  -0.192985  -0.360845  3540
0.165922  -0.213712  -0.440959  0.161395  -0.211854  -0.38687  0.167211  -0.192444  -0.360654  3600
0.166928  -0.21433  -0.441007  0.162854  -0.213426  -0.386847  0.165506  -0.192347  -0.359507  3660
0.167058  -0.213987  -0.441667  0.163507  -0.213225  -0.387537  0.165995  -0.19241  -0.360145  3720
0.166781  -0.213325  -0.441949  0.161622  -0.211949  -0.387052  0.16591  -0.191839  -0.360662  3780
0.166956  -0.214057  -0.44157  0.160132  -0.210659  -0.38707  0.165875  -0.191546  -0.360772  3840
0.165733  -0.213619  -0.440969  0.158999  -0.209699  -0.387113  0.16556  -0.191673  -0.360395  3900
0.163231  -0.211909  -0.440412  0.159514  -0.210742  -0.386398  0.165876  -0.192637  -0.359002  3960
0.163749  -0.213193  -0.439823  0.15873  -0.210366  -0.386207  0.164592  -0.192272  -0.358344  4020
0.162936  -0.213057  -0.439219  0.159381  -0.209903  -0.387332  0.164393  -0.192927  -0.357294  4080
0.162596  -0.21292  -0.439195  0.159863  -0.210266  -0.387572  0.165051  -0.193529  -0.357436  4140
0.161714  -0.212629  -0.438589  0.160277  -0.210022  -0.388122  0.165363  -0.194113  -0.356977  4200
0.161017  -0.211991  -0.438681  0.158928  -0.208001  -0.38891  0.164866  -0.193639  -0.356947  4260
0.159702  -0.211728  -0.437742  0.159675  -0.207671  -0.390067  0.165344  -0.193752  -0.35731  4320
0.160413  -0.212047  -0.43809  0.159639  -0.207579  -0.390326  0.166521  -0.194245  -0.357953  4380
0.159584  -0.211127  -0.438317  0.159506  -0.207728  -0.389969  0.166798  -0.194559  -0.357812  4440
0.159495  -0.211009  -0.438452  0.159728  -0.206884  -0.391282  0.166214  -0.193542  -0.358159  4500
0.160402  -0.212759  -0.437712  0.159692  -0.207032  -0.390752  0.166582  -0.193462  -0.35868  4560
0.160425  -0.21196  -0.438754  0.16051  -0.207834  -0.390692  0.166324  -0.193617  -0.358332  4620
0.160849  -0.212633  -0.438482  0.16026  -0.207686  -0.390271  0.166686  -0.194451  -0.357917  4680
0.161118  -0.211569  -0.439812  0.159539  -0.207385  -0.390035  0.16687  -0.19496  -0.357723  4740
0.161241  -0.21201  -0.439493  0.159332  -0.207493  -0.389627  0.16659  -0.194877  -0.357489  4800
0.16133  -0.212034  -0.439647  0.159381  -0.207302  -0.389997  0.166361  -0.194978  -0.357291  4860
0.160431  -0.211019  -0.439995  0.159939  -0.20796  -0.389957  0.167337  -0.195318  -0.357806  4920
0.160632  -0.210981  -0.440269  0.158517  -0.206925  -0.389617  0.166452  -0.19473  -0.357556  4980
0.160324  -0.211249  -0.439886  0.157882  -0.20557  -0.390649  0.167076  -0.19394  -0.358868  5040
0.160815  -0.212548  -0.439098  0.157706  -0.205364  -0.39079  0.166688  -0.193171  -0.358922  5100
0.161041  -0.212432  -0.439261  0.156357  -0.204533  -0.390368  0.166066  -0.192359  -0.359383  5160
0.160646  -0.212404  -0.439015  0.156125  -0.204962  -0.389732  0.166565  -0.192838  -0.359385  5220
0.160216  -0.212003  -0.439133  0.156229  -0.205045  -0.389617  0.165836  -0.193119  -0.358511  5280
0.1595  -0.211712  -0.438773  0.156403  -0.205178  -0.389588  0.164799  -0.192459  -0.35807  5340
0.159586  -0.212115  -0.438666  0.156158  -0.204327  -0.390139  0.16475  -0.192492  -0.358061  5400
0.159434  -0.211981  -0.438714  0.157174  -0.205063  -0.390232  0.165643  -0.193453  -0.358111  5460
0.159624  -0.212099  -0.438764  0.157218  -0.205511  -0.389986  0.165417  -0.193293  -0.357794  5520
0.1598  -0.212132  -0.439034  0.157054  -0.205068  -0.390169  0.165753  -0.193875  -0.357213  5580
0.159975  -0.212279  -0.439086  0.157015  -0.205481  -0.389872  0.166594  -0.19464  -0.356979  5640
0.159421  -0.211969  -0.439024  0.157952  -0.205896  -0.390285  0.166323  -0.194793  -0.356652  5700
0.160102  -0.212328  -0.439306  0.158647  -0.207167  -0.389614  0.166889  -0.195211  -0.356555  5760
0.159881  -0.212018  -0.439378  0.158387  -0.207442  -0.389129  0.167643  -0.195919  -0.356676  5820
0.158637  -0.210767  -0.439401  0.158698  -0.20781  -0.388996  0.167924  -0.196104  -0.356607  5880
0.158837  -0.211213  -0.438924  0.159216  -0.208127  -0.389122  0.166736  -0.195459  -0.356411  5940
0.159695  -0.211656  -0.439203  0.158719  -0.207649  -0.389267  0.166321  -0.19533  -0.356192  6000
0.159475  -0.211117  -0.439731  0.157727  -0.206705  -0.389346  0.167132  -0.196199  -0.356148  6060
0.158948  -0.210893  -0.439491  0.157887  -0.206407  -0.389889  0.165874  -0.195563  -0.355524  6120
0.158603  -0.210763  -0.43934  0.158284  -0.206211  -0.390581  0.165805  -0.195275  -0.355849  6180
0.158557  -0.210776  -0.439271  0.158236  -0.205968  -0.390659  0.166207  -0.194994  -0.356309  6240
0.157612  -0.210462  -0.438685  0.158934  -0.206046  -0.39145  0.166388  -0.195443  -0.356035  6300
0.157814  -0.210464  -0.438868  0.15924  -0.206652  -0.391234  0.166676  -0.195293  -0.356338  6360
0.158597  -0.211008  -0.438918  0.158553  -0.205907  -0.391344  0.167019  -0.195478  -0.35653  6420
0.159124  -0.211787  -0.438725  0.158037  -0.205577  -0.391166  0.167579  -0.196068  -0.356562  6480
0.15856  -0.21159  -0.438502  0.158603  -0.206076  -0.391169  0.167744  -0.196498  -0.356336  6540
0.158757  -0.212067  -0.438145  0.158513  -0.206063  -0.391345  0.168267  -0.197162  -0.355581  6600
0.158779  -0.212567  -0.437553  0.1581  -0.205815  -0.391215  0.168708  -0.196867  -0.355967  6660
0.158479  -0.211984  -0.437956  0.1581  -0.206555  -0.390365  0.168841  -0.196464  -0.356528  6720
0.158294  -0.211386  -0.438497  0.157679  -0.206462  -0.390107  0.168974  -0.1962  -0.356844  6780
0.158579  -0.211361  -0.43875  0.157967  -0.207175  -0.38946  0.168811  -0.195814  -0.357075  6840
0.15898  -0.211257  -0.439154  0.158446  -0.207492  -0.389479  0.168379  -0.195323  -0.357263  6900
0.159697  -0.212095  -0.438899  0.158179  -0.207728  -0.389196  0.168329  -0.194519  -0.357796  6960
0.159385  -0.211919  -0.438683  0.158624  -0.207353  -0.390063  0.168776  -0.194673  -0.357965  7020
0.159462  -0.21211  -0.438703  0.158867  -0.208029  -0.389621  0.167896  -0.194473  -0.357384  7080
0.159834  -0.212288  -0.438855  0.158313  -0.207563  -0.389501  0.16743  -0.194553  -0.3569  7140
0.159837  -0.212304  -0.438821  0.158337  -0.208184  -0.388987  0.166982  -0.194857  -0.356135  7200
0.159974  -0.212491  -0.438893  0.158219  -0.20838  -0.388623  0.167313  -0.195588  -0.35559  7260
0.160356  -0.212611  -0.439093  0.158871  -0.208569  -0.38887  0.167033  -0.195553  -0.355393  7320
0.160464  -0.21228  -0.439473  0.158848  -0.209142  -0.388323  0.166725  -0.195838  -0.354957  7380
0.16054  -0.211986  -0.439844  0.158425  -0.208717  -0.388334  0.167048  -0.196259  -0.354529  7440
0.160201  -0.21222  -0.439136  0.158211  -0.208218  -0.388838  0.166659  -0.195684  -0.354832  7500
0.160192  -0.211885  -0.439514  0.157433  -0.207585  -0.388723  0.166602  -0.195966  -0.354564  7560
0.160177  -0.21167  -0.439812  0.156806  -0.207422  -0.388426  0.167029  -0.196387  -0.354212  7620
0.159917  -0.211188  -0.44021  0.156952  -0.207687  -0.38807  0.166704  -0.196569  -0.353828  7680
0.159955  -0.211839  -0.439516  0.156715  -0.207579  -0.38797  0.167367  -0.197113  -0.353663  7740
0.160178  -0.212274  -0.439367  0.156736  -0.207362  -0.388299  0.167299  -0.197361  -0.353377  7800
0.160762  -0.212666  -0.43941  0.157144  -0.207895  -0.388242  0.167144  -0.197275  -0.353426  7860
0.160177  -0.212364  -0.439189  0.157372  -0.20867  -0.387496  0.167264  -0.197667  -0.353246  7920
0.160105  -0.212342  -0.439116  0.157879  -0.209189  -0.387459  0.167044  -0.197871  -0.352962  7980
0.159319  -0.212258  -0.43847  0.157749  -0.209298  -0.387342  0.167295  -0.198094  -0.353143  8040
0.158933  -0.212056  -0.438331  0.157445  -0.208694  -0.387521  0.167795  -0.198298  -0.353002  8100
0.15937  -0.212573  -0.438212  0.157131  -0.209265  -0.386773  0.168476  -0.198396  -0.3533  8160
0.159085  -0.212913  -0.437431  0.157881  -0.210032  -0.386328  0.168009  -0.197876  -0.353582  8220
0.158989  -0.213064  -0.437359  0.157529  -0.210279  -0.385603  0.167604  -0.197931  -0.353038  8280
0.159366  -0.213664  -0.437082  0.157988  -0.210604  -0.385786  0.168082  -0.198127  -0.353367  8340
0.159775  -0.213783  -0.437286  0.1583  -0.210644  -0.385973  0.168482  -0.198405  -0.353409  8400
0.159986  -0.21403  -0.437099  0.157978  -0.210298  -0.386113  0.168367  -0.198368  -0.353435  8460
0.159812  -0.21346  -0.437659  0.158162  -0.210754  -0.385559  0.167761  -0.197428  -0.353574  8520
0.159729  -0.213779  -0.437223  0.158846  -0.211468  -0.38537  0.167676  -0.197761  -0.353061  8580
0.1596  -0.214198  -0.4367  0.158703  -0.2115  -0.38524  0.167175  -0.197609  -0.352859  8640
0.159875  -0.214321  -0.436759  0.158434  -0.211259  -0.385156  0.167268  -0.196948  -0.353553  8700
0.159864  -0.214401  -0.436599  0.159018  -0.211583  -0.385196  0.167941  -0.197118  -0.353768  8760
0.160051  -0.214797  -0.436389  0.159528  -0.212155  -0.385102  0.167006  -0.196455  -0.353621  8820
0.160207  -0.214499  -0.436838  0.159391  -0.211872  -0.385375  0.16689  -0.196451  -0.353461  8880
0.159621  -0.214018  -0.436831  0.159091  -0.211335  -0.38579  0.166452  -0.196011  -0.3533  8940
0.159679  -0.213689  -0.437314  0.159926  -0.211447  -0.386352  0.16692  -0.19608  -0.35358  9000
0.159274  -0.212977  -0.437485  0.159971  -0.211544  -0.386373  0.166651  -0.196058  -0.353319  9060
0.159833  -0.213316  -0.437585  0.159951  -0.21137  -0.386661  0.16686  -0.196435  -0.353194  9120
0.160429  -0.213569  -0.437793  0.159633  -0.211079  -0.386754  0.166556  -0.196766  -0.352623  9180
0.160714  -0.213675  -0.43782  0.159722  -0.211031  -0.386807  0.166752  -0.197034  -0.352471  9240
0.160833  -0.214325  -0.437403  0.159669  -0.210861  -0.386961  0.167233  -0.197476  -0.352323  9300
0.160761  -0.214332  -0.437375  0.159371  -0.21004  -0.387595  0.167526  -0.197207  -0.352471  9360
0.160584  -0.21359  -0.437973  0.159825  -0.210032  -0.388065  0.167278  -0.196549  -0.352867  9420
0.161118  -0.213833  -0.438221  0.159325  -0.209478  -0.388152  0.167105  -0.196326  -0.352757  9480
0.161347  -0.213916  -0.438342  0.159504  -0.209831  -0.387834  0.16661  -0.196138  -0.352531  9540
0.161896  -0.214351  -0.43838  0.160033  -0.210256  -0.387752  0.16651  -0.196185  -0.352512  9600
0.161952  -0.214271  -0.438494  0.159795  -0.210067  -0.387825  0.16649  -0.196163  -0.352649  9660
0.161774  -0.213934  -0.438705  0.159668  -0.209754  -0.387978  0.16635  -0.196429  -0.352422  9720
0.161644  -0.214003  -0.438539  0.159186  -0.209279  -0.388104  0.166119  -0.196613  -0.352127  9780
0.161479  -0.214386  -0.437977  0.159179  -0.209046  -0.388368  0.165893  -0.196311  -0.352  9840
0.161349  -0.214389  -0.437779  0.159003  -0.208816  -0.388532  0.166117  -0.196577  -0.352086  9900
0.161281  -0.214238  -0.437999  0.159201  -0.209311  -0.388156  0.166294  -0.196436  -0.352356  9960
0.161358  -0.214481  -0.437749  0.159429  -0.209236  -0.388328  0.166847  -0.196812  -0.352577  10020
0.16102  -0.213893  -0.43813  0.159447  -0.209339  -0.388339  0.167129  -0.196656  -0.35306  10080
0.161394  -0.214243  -0.43803  0.159304  -0.209405  -0.388087  0.167182  -0.19663  -0.353167  10140
0.161189  -0.21443  -0.437585  0.159135  -0.209558  -0.387864  0.167248  -0.196415  -0.353317  10200
