 esp1   esp2   esp3  PSI:0.5 esp1   esp2   esp3  PSI:0.555556 esp1   esp2   esp3  PSI:0.625 esp1   esp2   esp3  PSI:0.666667
0.138381  -0.159341  -0.906713  0.128771  -0.157869  -0.80011  0.156136  -0.178716  -0.70014  0.131743  -0.187967  -0.609674  
0.162648  -0.178265  -0.926071  0.190683  -0.195546  -0.830146  0.167241  -0.204713  -0.693001  0.140145  -0.178393  -0.647207  
0.120547  -0.146449  -0.921571  0.1907  -0.199996  -0.834529  0.161661  -0.200996  -0.694593  0.129757  -0.166172  -0.657701  
0.135695  -0.161064  -0.924309  0.159412  -0.18062  -0.827695  0.165841  -0.199204  -0.705629  0.131946  -0.167965  -0.659689  
0.132428  -0.157705  -0.927303  0.161269  -0.177216  -0.835061  0.180891  -0.207812  -0.711109  0.142038  -0.181214  -0.656811  
0.126358  -0.149987  -0.931468  0.154079  -0.173347  -0.830101  0.187433  -0.21858  -0.705492  0.150747  -0.183509  -0.664597  
0.128383  -0.148565  -0.936266  0.151227  -0.167739  -0.834539  0.190131  -0.214789  -0.713836  0.154892  -0.1862  -0.666635  
0.127929  -0.14522  -0.940356  0.144958  -0.162277  -0.833431  0.191433  -0.210399  -0.720885  0.1551  -0.182168  -0.671725  
0.131855  -0.146788  -0.942407  0.150122  -0.170141  -0.83027  0.183097  -0.20392  -0.72181  0.154943  -0.180586  -0.673217  
0.134815  -0.154434  -0.937701  0.15209  -0.169401  -0.832957  0.182504  -0.201353  -0.725397  0.150428  -0.178886  -0.670855  
0.130591  -0.144735  -0.942664  0.157352  -0.171409  -0.835564  0.181523  -0.195012  -0.733203  0.149782  -0.18456  -0.664244  
0.133906  -0.148474  -0.941669  0.162229  -0.17831  -0.832721  0.181281  -0.192102  -0.735377  0.148141  -0.17917  -0.667533  
0.133253  -0.148225  -0.941444  0.164857  -0.180913  -0.83298  0.181506  -0.196076  -0.730484  0.154512  -0.182147  -0.67014  
0.137218  -0.151143  -0.942875  0.16262  -0.179944  -0.832605  0.176078  -0.191902  -0.730785  0.150362  -0.176355  -0.672378  
0.142863  -0.156053  -0.943126  0.16271  -0.181481  -0.831086  0.176232  -0.195211  -0.727897  0.145008  -0.172691  -0.671199  
0.141238  -0.155852  -0.942085  0.165615  -0.182498  -0.833092  0.172372  -0.189204  -0.730843  0.143441  -0.175581  -0.666669  
0.140322  -0.153854  -0.943564  0.165752  -0.183617  -0.832265  0.170253  -0.188352  -0.730335  0.145977  -0.178441  -0.665715  
0.138959  -0.15173  -0.944988  0.165148  -0.183436  -0.831996  0.170117  -0.186517  -0.732555  0.147421  -0.180164  -0.665764  
0.137282  -0.153298  -0.942164  0.158624  -0.179233  -0.830833  0.164821  -0.184507  -0.730282  0.149303  -0.182182  -0.665607  
0.132917  -0.151831  -0.939868  0.158338  -0.178893  -0.831417  0.164303  -0.184148  -0.729454  0.147955  -0.18106  -0.665802  
0.135298  -0.15339  -0.940633  0.15959  -0.178687  -0.832691  0.164127  -0.181627  -0.732325  0.147991  -0.179475  -0.667984  
0.137918  -0.156111  -0.940519  0.160729  -0.180728  -0.832099  0.166251  -0.184805  -0.730909  0.149103  -0.181702  -0.667187  
0.137938  -0.157056  -0.939452  0.157768  -0.177136  -0.833096  0.165345  -0.185203  -0.729241  0.148792  -0.180498  -0.667802  
0.136927  -0.157336  -0.93827  0.158273  -0.178557  -0.832023  0.168159  -0.188645  -0.728217  0.151131  -0.183173  -0.666569  
0.138171  -0.157962  -0.938475  0.158466  -0.17814  -0.832687  0.168628  -0.189654  -0.727932  0.152718  -0.184333  -0.667329  
0.13948  -0.157734  -0.940246  0.159204  -0.177299  -0.834087  0.166904  -0.188068  -0.728255  0.152555  -0.182834  -0.668502  
0.140052  -0.157177  -0.94138  0.162084  -0.178052  -0.835706  0.168911  -0.187718  -0.730554  0.154594  -0.18406  -0.668744  
0.141668  -0.158774  -0.941157  0.161186  -0.17841  -0.834738  0.166608  -0.186773  -0.729185  0.155813  -0.184375  -0.669226  
0.145002  -0.161322  -0.941596  0.162306  -0.179783  -0.834619  0.166044  -0.186581  -0.728834  0.155416  -0.184278  -0.668917  
0.145239  -0.162332  -0.940713  0.163683  -0.180628  -0.834914  0.164034  -0.184922  -0.728956  0.15284  -0.185011  -0.666222  
0.146426  -0.163763  -0.940321  0.164809  -0.181504  -0.835484  0.160773  -0.181903  -0.729322  0.152742  -0.185749  -0.665786  
0.148347  -0.166355  -0.939555  0.167304  -0.18519  -0.833909  0.162963  -0.184639  -0.728434  0.154274  -0.189628  -0.663011  
0.150522  -0.167593  -0.94049  0.167199  -0.184094  -0.835116  0.164106  -0.18568  -0.728567  0.153992  -0.188675  -0.664273  
0.14884  -0.165298  -0.941358  0.166969  -0.183965  -0.835218  0.162766  -0.185177  -0.728347  0.155063  -0.189319  -0.664831  
0.15054  -0.167103  -0.941072  0.168586  -0.184839  -0.83591  0.160856  -0.18388  -0.728138  0.156695  -0.191365  -0.664286  
0.152065  -0.167908  -0.941776  0.16978  -0.185068  -0.837041  0.160868  -0.184418  -0.727288  0.157214  -0.192308  -0.663342  
0.153319  -0.169116  -0.941731  0.171132  -0.185483  -0.837682  0.161767  -0.185875  -0.726614  0.157875  -0.194566  -0.66188  
0.154977  -0.170655  -0.941789  0.171701  -0.185414  -0.838004  0.162283  -0.186653  -0.726465  0.158755  -0.194963  -0.662602  
0.155665  -0.171463  -0.941747  0.172279  -0.186305  -0.837588  0.164409  -0.187565  -0.727619  0.157608  -0.193921  -0.662449  
0.157219  -0.172708  -0.941914  0.172866  -0.186747  -0.837879  0.165204  -0.188943  -0.726791  0.157982  -0.194191  -0.662512  
0.158171  -0.173553  -0.942006  0.1728  -0.186683  -0.838005  0.166419  -0.190107  -0.72668  0.158327  -0.19484  -0.662158  
0.157665  -0.173453  -0.941586  0.173406  -0.187636  -0.83745  0.166826  -0.190804  -0.726258  0.158147  -0.193644  -0.663384  
0.158165  -0.174546  -0.941003  0.173647  -0.188682  -0.836404  0.167185  -0.191003  -0.726327  0.160066  -0.194626  -0.663764  
0.158571  -0.174861  -0.94101  0.174071  -0.188365  -0.837393  0.166923  -0.190388  -0.726563  0.159569  -0.193683  -0.664486  
0.158981  -0.175546  -0.940709  0.174162  -0.188906  -0.836905  0.165988  -0.189325  -0.726671  0.157246  -0.192255  -0.66401  
0.160655  -0.177347  -0.940406  0.175072  -0.189711  -0.836754  0.165582  -0.188782  -0.726981  0.157884  -0.192916  -0.664072  
0.160552  -0.176587  -0.941094  0.173755  -0.187983  -0.837344  0.16464  -0.187907  -0.72711  0.15824  -0.193567  -0.6635  
0.15963  -0.176455  -0.94036  0.173735  -0.188093  -0.837504  0.163549  -0.187369  -0.726781  0.156182  -0.192234  -0.663217  
0.156915  -0.174522  -0.939706  0.172536  -0.186334  -0.838069  0.161525  -0.186753  -0.725721  0.156647  -0.192602  -0.663283  
0.158077  -0.17566  -0.939485  0.171902  -0.186599  -0.8374  0.162113  -0.187346  -0.725351  0.155716  -0.192015  -0.662744  
0.159194  -0.175976  -0.940256  0.173304  -0.187352  -0.837714  0.162472  -0.187274  -0.725416  0.155061  -0.192019  -0.662109  
0.160218  -0.176637  -0.94053  0.173213  -0.187425  -0.837504  0.162888  -0.18815  -0.724872  0.156503  -0.193401  -0.66189  
0.159894  -0.176785  -0.94001  0.171135  -0.185702  -0.837354  0.16384  -0.187916  -0.726047  0.155866  -0.192936  -0.66139  
0.1617  -0.17847  -0.939933  0.171516  -0.186478  -0.837026  0.161294  -0.186207  -0.725605  0.156359  -0.192843  -0.662005  
0.161554  -0.177732  -0.940618  0.172277  -0.186903  -0.837231  0.162573  -0.188035  -0.724937  0.155166  -0.191794  -0.661976  
0.161342  -0.177936  -0.940248  0.171354  -0.185869  -0.837439  0.163699  -0.18927  -0.724574  0.155591  -0.192514  -0.661564  
0.162084  -0.178198  -0.940732  0.172199  -0.186409  -0.837657  0.163173  -0.188794  -0.724818  0.15486  -0.192228  -0.661113  
0.161326  -0.177032  -0.941077  0.172823  -0.186904  -0.837742  0.163136  -0.18884  -0.724615  0.154766  -0.192611  -0.660433  
0.160834  -0.176309  -0.941426  0.171008  -0.185061  -0.8378  0.162836  -0.189015  -0.724098  0.154103  -0.191906  -0.66056  
0.162523  -0.177952  -0.941131  0.170944  -0.18483  -0.838244  0.163196  -0.188797  -0.724572  0.15337  -0.191757  -0.660053  
0.163193  -0.178199  -0.941565  0.170136  -0.184067  -0.83795  0.162985  -0.188262  -0.72507  0.151568  -0.189436  -0.660847  
0.163095  -0.178047  -0.941609  0.169391  -0.183593  -0.837851  0.163002  -0.188395  -0.725141  0.152153  -0.189624  -0.661249  
0.163281  -0.178125  -0.941708  0.17011  -0.183904  -0.838168  0.164241  -0.189529  -0.724867  0.15182  -0.189495  -0.661133  
0.163724  -0.178375  -0.942069  0.171358  -0.185019  -0.838134  0.164584  -0.190328  -0.724262  0.15059  -0.189001  -0.660529  
0.163473  -0.178421  -0.941525  0.171059  -0.184982  -0.838073  0.163585  -0.189021  -0.724751  0.151253  -0.18994  -0.660098  
0.161578  -0.176525  -0.941688  0.169972  -0.184659  -0.8375  0.163689  -0.188515  -0.725322  0.150328  -0.189681  -0.659619  
0.161921  -0.17716  -0.941195  0.168778  -0.183938  -0.837133  0.163543  -0.187953  -0.725829  0.150097  -0.188981  -0.660048  
0.161285  -0.177264  -0.940469  0.168942  -0.184255  -0.837021  0.163951  -0.187901  -0.726246  0.150551  -0.18951  -0.660036  
0.161846  -0.177812  -0.940428  0.169115  -0.183894  -0.83778  0.164471  -0.188413  -0.726187  0.150366  -0.189054  -0.660324  
0.162158  -0.17766  -0.940905  0.169127  -0.184628  -0.836942  0.163747  -0.18795  -0.726193  0.151034  -0.189796  -0.660269  
0.161117  -0.177089  -0.940594  0.168915  -0.185006  -0.836084  0.164885  -0.188945  -0.72617  0.150381  -0.189083  -0.660435  
0.161401  -0.177091  -0.940848  0.168957  -0.183919  -0.837353  0.164616  -0.18855  -0.72647  0.151454  -0.189613  -0.660723  
0.161362  -0.177169  -0.940677  0.169192  -0.184171  -0.837342  0.165181  -0.188959  -0.726436  0.151583  -0.189805  -0.66045  
0.161301  -0.176622  -0.941113  0.16942  -0.184529  -0.837294  0.165161  -0.188969  -0.726401  0.152209  -0.189821  -0.661055  
0.161296  -0.176558  -0.941174  0.168027  -0.183171  -0.837519  0.165941  -0.189536  -0.726414  0.152523  -0.190439  -0.660748  
0.161484  -0.177022  -0.940932  0.168224  -0.183769  -0.83723  0.166568  -0.189974  -0.726634  0.152503  -0.190571  -0.660554  
0.160314  -0.175952  -0.940946  0.168664  -0.183862  -0.837555  0.166685  -0.189527  -0.727226  0.152072  -0.19073  -0.65989  
0.161252  -0.176717  -0.940969  0.167992  -0.183661  -0.837087  0.167063  -0.190033  -0.727038  0.153397  -0.192035  -0.65969  
0.161454  -0.177126  -0.940611  0.167329  -0.182899  -0.837243  0.166912  -0.190011  -0.726931  0.153675  -0.19266  -0.659344  
0.161267  -0.176682  -0.940843  0.167165  -0.183304  -0.836791  0.166896  -0.189467  -0.727558  0.152649  -0.191274  -0.659853  
0.1619  -0.177051  -0.941058  0.166567  -0.182713  -0.836955  0.166598  -0.189422  -0.727477  0.153448  -0.191766  -0.660007  
0.16159  -0.177012  -0.940847  0.165881  -0.181988  -0.837143  0.166154  -0.188969  -0.727427  0.152804  -0.191111  -0.660127  
0.161775  -0.177124  -0.940827  0.165752  -0.181803  -0.83716  0.165445  -0.188079  -0.727784  0.152863  -0.190969  -0.660348  
0.161983  -0.177336  -0.940909  0.165725  -0.18162  -0.837302  0.165091  -0.187727  -0.727841  0.152827  -0.190769  -0.660607  
0.162048  -0.177425  -0.940967  0.166048  -0.182222  -0.837054  0.165406  -0.188069  -0.727672  0.154076  -0.191776  -0.660458  
0.162445  -0.177769  -0.941056  0.165878  -0.182195  -0.837055  0.165456  -0.188263  -0.727498  0.154462  -0.192116  -0.660479  
0.162077  -0.177562  -0.940865  0.166316  -0.182851  -0.836747  0.165063  -0.187987  -0.727439  0.154633  -0.192348  -0.660348  
0.162387  -0.177747  -0.94097  0.166376  -0.182723  -0.836938  0.164941  -0.187929  -0.727477  0.155164  -0.192668  -0.660603  
0.162833  -0.178021  -0.941098  0.166386  -0.182387  -0.837294  0.164399  -0.187278  -0.727598  0.155143  -0.192541  -0.660721  
0.163229  -0.178378  -0.941176  0.164996  -0.180895  -0.837467  0.163709  -0.186892  -0.727369  0.155453  -0.192268  -0.661239  
0.163559  -0.178519  -0.941262  0.165841  -0.181179  -0.837943  0.163678  -0.186949  -0.727191  0.155953  -0.192191  -0.661892  
0.163803  -0.178669  -0.941423  0.165095  -0.180327  -0.838139  0.164338  -0.187298  -0.727431  0.155607  -0.191585  -0.662197  
0.163356  -0.178596  -0.941096  0.165251  -0.180606  -0.837907  0.163702  -0.186953  -0.727209  0.156298  -0.191624  -0.662746  
0.16315  -0.178267  -0.941381  0.165115  -0.180405  -0.838056  0.164299  -0.187283  -0.727317  0.156053  -0.191259  -0.66283  
0.163575  -0.178391  -0.941722  0.164901  -0.180208  -0.838118  0.164198  -0.187352  -0.727123  0.156318  -0.191502  -0.662841  
0.163272  -0.178059  -0.941799  0.164663  -0.179818  -0.838281  0.164536  -0.187482  -0.727293  0.157123  -0.192241  -0.662803  
0.163108  -0.177601  -0.942028  0.165188  -0.180272  -0.83823  0.165229  -0.187983  -0.727336  0.157197  -0.19214  -0.663048  
0.162554  -0.177294  -0.941809  0.165335  -0.180351  -0.83821  0.16538  -0.188432  -0.727011  0.157147  -0.191426  -0.663737  
0.162451  -0.17707  -0.941897  0.164771  -0.179749  -0.838388  0.165261  -0.188612  -0.726824  0.157198  -0.191786  -0.66333  
0.162411  -0.176875  -0.942119  0.16524  -0.180268  -0.838193  0.165384  -0.188796  -0.726742  0.157519  -0.192556  -0.662888  
0.162647  -0.176921  -0.942328  0.165342  -0.180103  -0.838352  0.165525  -0.189193  -0.726559  0.157253  -0.192214  -0.662955  
0.16285  -0.176915  -0.942587  0.165256  -0.180145  -0.838161  0.165443  -0.188889  -0.726783  0.157195  -0.19219  -0.662945  
0.162831  -0.176827  -0.942463  0.164933  -0.179552  -0.838468  0.164852  -0.187964  -0.727149  0.157834  -0.192538  -0.663122  
0.162681  -0.176924  -0.942296  0.164535  -0.179425  -0.838241  0.16455  -0.187712  -0.727089  0.158401  -0.193161  -0.662986  
0.162198  -0.176816  -0.94203  0.164002  -0.179117  -0.838105  0.165098  -0.18812  -0.727076  0.158436  -0.193369  -0.662813  
0.161616  -0.176416  -0.941947  0.1634  -0.178739  -0.838073  0.16485  -0.187718  -0.727192  0.158282  -0.193366  -0.662737  
0.161587  -0.17652  -0.94189  0.163478  -0.178821  -0.838045  0.164732  -0.187522  -0.727281  0.158585  -0.194234  -0.662147  
0.162446  -0.177243  -0.941851  0.163798  -0.179069  -0.83802  0.163832  -0.186308  -0.727662  0.158476  -0.193617  -0.662838  
0.163182  -0.178162  -0.941598  0.16397  -0.178999  -0.838321  0.163451  -0.185828  -0.727853  0.157926  -0.193146  -0.662832  
0.162104  -0.177055  -0.941749  0.164284  -0.179214  -0.838334  0.163241  -0.185692  -0.727804  0.158539  -0.193399  -0.663097  
0.162636  -0.177587  -0.941686  0.164658  -0.179565  -0.838363  0.162857  -0.185395  -0.727826  0.158645  -0.193769  -0.662772  
0.162697  -0.177865  -0.941413  0.165198  -0.180109  -0.838285  0.163018  -0.185806  -0.727595  0.15839  -0.193567  -0.662773  
0.162467  -0.177726  -0.941468  0.165992  -0.180805  -0.838181  0.163358  -0.186169  -0.727487  0.158198  -0.193421  -0.662605  
0.161432  -0.176967  -0.941191  0.166032  -0.180889  -0.838132  0.163495  -0.186428  -0.7273  0.158074  -0.193682  -0.662346  
0.161504  -0.177142  -0.941036  0.166118  -0.181321  -0.837815  0.163595  -0.186528  -0.727282  0.158001  -0.193799  -0.662181  
0.161796  -0.177096  -0.94137  0.166489  -0.181879  -0.837608  0.163511  -0.186422  -0.727368  0.157657  -0.193117  -0.662526  
0.161737  -0.176763  -0.941649  0.166872  -0.182178  -0.837648  0.162948  -0.185735  -0.727573  0.156908  -0.192712  -0.662237  
0.161833  -0.176759  -0.941869  0.166567  -0.182021  -0.837638  0.162203  -0.18501  -0.72769  0.155856  -0.191727  -0.662087  
0.161809  -0.177135  -0.941507  0.166592  -0.18225  -0.837367  0.162037  -0.184802  -0.727791  0.156496  -0.192184  -0.662058  
0.161442  -0.176892  -0.941389  0.166974  -0.182556  -0.837367  0.161704  -0.184563  -0.727782  0.156409  -0.191995  -0.662188  
0.162061  -0.177143  -0.941692  0.166945  -0.182588  -0.837386  0.161295  -0.184287  -0.727732  0.155602  -0.190956  -0.662626  
0.161727  -0.176464  -0.942183  0.16646  -0.182266  -0.83733  0.16155  -0.184528  -0.727766  0.155803  -0.191026  -0.662769  
0.161561  -0.176422  -0.942115  0.166509  -0.182219  -0.837446  0.161418  -0.184345  -0.727827  0.155331  -0.190791  -0.662612  
0.161832  -0.176678  -0.942086  0.167422  -0.183072  -0.837362  0.160876  -0.184049  -0.727562  0.155616  -0.191217  -0.662469  
0.161877  -0.176692  -0.942114  0.166735  -0.182225  -0.837649  0.160792  -0.184133  -0.727474  0.15525  -0.190666  -0.662591  
0.161316  -0.176054  -0.9422  0.166718  -0.182494  -0.837397  0.160571  -0.184134  -0.727141  0.155412  -0.190865  -0.662458  
0.161336  -0.175964  -0.942202  0.16629  -0.182424  -0.836998  0.16023  -0.183685  -0.727292  0.155667  -0.19081  -0.662757  
0.161557  -0.176157  -0.942191  0.165757  -0.182165  -0.836826  0.160509  -0.183884  -0.727315  0.156545  -0.191446  -0.662892  
0.161681  -0.176302  -0.942195  0.165465  -0.181709  -0.836966  0.160322  -0.183943  -0.727093  0.156137  -0.191206  -0.662785  
0.161696  -0.176412  -0.94212  0.1655  -0.1812  -0.837607  0.160729  -0.184324  -0.727076  0.156166  -0.191368  -0.662747  
0.161486  -0.176214  -0.942135  0.165738  -0.181536  -0.837523  0.160638  -0.183816  -0.727571  0.156761  -0.1922  -0.662399  
0.161986  -0.176587  -0.942241  0.166008  -0.182019  -0.837211  0.160057  -0.183697  -0.727226  0.15672  -0.192124  -0.662522  
0.162361  -0.177023  -0.942164  0.165958  -0.182209  -0.837037  0.160467  -0.183809  -0.727411  0.156927  -0.192016  -0.66288  
0.162427  -0.177121  -0.94211  0.165802  -0.181993  -0.837069  0.160205  -0.18352  -0.727457  0.157496  -0.192284  -0.663118  
0.16239  -0.177043  -0.942138  0.165851  -0.181986  -0.837137  0.159302  -0.182683  -0.727355  0.15704  -0.19211  -0.662934  
0.162539  -0.177204  -0.942184  0.166023  -0.182145  -0.837171  0.158882  -0.18225  -0.727366  0.157043  -0.192258  -0.662832  
0.16301  -0.177676  -0.942141  0.166196  -0.182325  -0.837157  0.158553  -0.181807  -0.72759  0.157274  -0.192142  -0.663179  
0.163395  -0.178111  -0.942043  0.166463  -0.182825  -0.836936  0.158538  -0.181556  -0.727937  0.157941  -0.192233  -0.663711  
0.163394  -0.177919  -0.94227  0.166554  -0.182658  -0.837138  0.157818  -0.180823  -0.728031  0.157604  -0.19168  -0.663968  
0.163854  -0.178341  -0.942238  0.166738  -0.182736  -0.837224  0.157839  -0.180573  -0.72829  0.157752  -0.192036  -0.663747  
0.163098  -0.177633  -0.942312  0.166623  -0.182417  -0.837501  0.158322  -0.180713  -0.728665  0.158011  -0.192519  -0.663358  
0.162531  -0.17701  -0.942389  0.167039  -0.182651  -0.837638  0.158714  -0.180793  -0.728888  0.157829  -0.192307  -0.663515  
0.161935  -0.176834  -0.942052  0.167233  -0.182723  -0.837765  0.158479  -0.180249  -0.729286  0.158353  -0.192901  -0.663488  
0.16218  -0.176855  -0.942304  0.167098  -0.182434  -0.837952  0.158378  -0.179961  -0.729441  0.158579  -0.192715  -0.663939  
0.162145  -0.177031  -0.942155  0.166555  -0.181828  -0.838015  0.158787  -0.180274  -0.729588  0.157776  -0.191953  -0.664085  
0.162075  -0.1769  -0.942195  0.16654  -0.181523  -0.838346  0.158773  -0.180477  -0.729399  0.157858  -0.192028  -0.664066  
0.162424  -0.17702  -0.942392  0.16689  -0.182058  -0.83808  0.158732  -0.180372  -0.729515  0.157969  -0.191795  -0.664351  
0.162595  -0.177275  -0.942325  0.166903  -0.182133  -0.837971  0.159177  -0.180452  -0.729792  0.158233  -0.191767  -0.664658  
0.162473  -0.17708  -0.942442  0.166722  -0.18213  -0.83774  0.159518  -0.180624  -0.729971  0.157914  -0.191779  -0.664385  
0.162727  -0.177547  -0.942189  0.167232  -0.182661  -0.837712  0.15913  -0.180263  -0.730042  0.157304  -0.191394  -0.664263  
0.162698  -0.177687  -0.942051  0.166817  -0.182432  -0.837599  0.159521  -0.180318  -0.730396  0.157438  -0.191691  -0.664137  
0.162742  -0.177497  -0.942326  0.167119  -0.1828  -0.837449  0.159786  -0.180791  -0.730187  0.157799  -0.191849  -0.664389  
0.162566  -0.177296  -0.942382  0.166765  -0.18239  -0.837549  0.159573  -0.180617  -0.730172  0.158233  -0.192271  -0.664309  
0.162344  -0.176981  -0.942495  0.166349  -0.182008  -0.837584  0.158766  -0.179867  -0.730252  0.158121  -0.19214  -0.664342  
0.16203  -0.17666  -0.942585  0.166387  -0.182208  -0.837406  0.159273  -0.180326  -0.730259  0.158134  -0.192387  -0.66412  
0.162019  -0.176626  -0.942591  0.166124  -0.181866  -0.837634  0.159207  -0.18012  -0.730481  0.158177  -0.192017  -0.664589  
0.162293  -0.17671  -0.942768  0.166705  -0.182429  -0.837523  0.159364  -0.180374  -0.730324  0.158216  -0.192381  -0.664185  
0.162543  -0.17705  -0.942673  0.166348  -0.182065  -0.83751  0.159326  -0.180526  -0.730116  0.158652  -0.192527  -0.664361  
0.162184  -0.176644  -0.942788  0.166447  -0.182  -0.837641  0.158942  -0.18028  -0.729889  0.158133  -0.192086  -0.664353  
0.161614  -0.176173  -0.942751  0.165976  -0.181535  -0.837636  0.159086  -0.180594  -0.729693  0.158172  -0.192204  -0.664311  
0.16093  -0.175548  -0.942771  0.166167  -0.181533  -0.837847  0.15855  -0.180134  -0.72971  0.157593  -0.191521  -0.664357  
0.160908  -0.175529  -0.942753  0.166188  -0.181607  -0.837742  0.158639  -0.180244  -0.729652  0.157309  -0.191171  -0.664493  
0.161183  -0.175775  -0.942704  0.166058  -0.181598  -0.837622  0.158674  -0.180111  -0.729811  0.157137  -0.191096  -0.664418  
0.161461  -0.176043  -0.942691  0.165993  -0.181536  -0.837653  0.158643  -0.179878  -0.729953  0.157374  -0.191466  -0.664279  
0.161638  -0.176074  -0.942802  0.166117  -0.181926  -0.837382  0.158609  -0.179919  -0.729911  0.157392  -0.191385  -0.664396  
0.161552  -0.176034  -0.942792  0.165776  -0.181477  -0.837543  0.159132  -0.180234  -0.730059  0.157491  -0.191614  -0.664269  
0.161604  -0.176158  -0.942729  0.166133  -0.181961  -0.837396  0.15933  -0.180382  -0.730007  0.157322  -0.191709  -0.664087  
0.161284  -0.175778  -0.942818  0.165947  -0.181778  -0.83748  0.158992  -0.179923  -0.730086  0.157235  -0.191521  -0.664189  
0.161104  -0.175809  -0.942597  0.165568  -0.181473  -0.837388  0.159223  -0.17995  -0.73025  0.156867  -0.191097  -0.66428  
0.161317  -0.176033  -0.942594  0.165948  -0.181563  -0.837614  0.159283  -0.180252  -0.730036  0.156902  -0.19095  -0.664552  
