 p:0.5 p:0.555556 p:0.625 p:0.666667 p:0.769231 p:0.8 p:0.806452 p:0.813008 p:0.833333 p:0.847458 p:0.862069 p:0.877193 p:0.909091 p:1 p:1.11111 t 
1.86846  1.81568  1.87365  1.70088  1.94752  1.68251  1.97654  1.85436  1.90742  1.79379  1.80096  1.88953  1.89744  1.54211  2.09861  
1.9124  1.97513  1.81695  1.7856  1.99983  1.79823  1.96278  1.93119  1.84352  1.64192  1.92417  1.89243  1.95744  1.63991  2.16471  
1.82313  1.95352  1.8043  1.78086  2.00788  1.79653  1.92276  1.91266  1.85393  1.55892  1.79859  1.83786  2.01018  1.62243  2.05241  
1.84249  1.88259  1.83252  1.78556  2.01061  1.70508  1.92804  1.78764  1.88286  1.58699  1.68772  1.84226  2.02092  1.7089  1.9786  
1.83972  1.91002  1.87046  1.78381  1.97748  1.73735  1.91011  1.80056  1.88477  1.7056  1.73868  1.86555  1.97381  1.70402  1.98052  
1.84246  1.88885  1.85751  1.82147  1.94219  1.76859  1.93543  1.82332  1.87502  1.71862  1.76544  1.85442  1.97406  1.74204  1.97566  
1.86415  1.90156  1.8852  1.83186  1.89823  1.73369  1.85539  1.77  1.86536  1.70475  1.73424  1.83952  1.95818  1.76866  1.96418  
1.88093  1.89328  1.90986  1.85141  1.83712  1.71307  1.82292  1.71093  1.82284  1.72149  1.75972  1.83451  1.9274  1.76259  1.91591  
1.89827  1.88234  1.89789  1.858  1.85082  1.68896  1.81501  1.73021  1.80349  1.72055  1.77892  1.79359  1.9278  1.7514  1.94369  
1.87296  1.89781  1.90639  1.84091  1.84816  1.71916  1.82145  1.70621  1.77417  1.73103  1.7797  1.81433  1.89977  1.74836  1.92895  
1.90227  1.91799  1.93083  1.81156  1.82994  1.70761  1.82914  1.72042  1.7785  1.72811  1.7471  1.77136  1.88911  1.76091  1.9526  
1.90188  1.90982  1.94367  1.82682  1.84837  1.69708  1.81185  1.69836  1.78335  1.71966  1.73825  1.77914  1.88654  1.76383  1.96438  
1.899  1.91125  1.92569  1.84828  1.85479  1.69107  1.79285  1.70068  1.77873  1.73759  1.69682  1.79145  1.84467  1.77684  1.94725  
1.90787  1.90372  1.91754  1.85261  1.85311  1.71075  1.78338  1.70749  1.76607  1.72356  1.69007  1.77778  1.82332  1.76617  1.95044  
1.91547  1.89657  1.90278  1.8397  1.84716  1.7011  1.78219  1.72119  1.75252  1.74668  1.67899  1.77031  1.81941  1.75864  1.93135  
1.90623  1.90749  1.91104  1.81695  1.83046  1.67943  1.78273  1.74493  1.75798  1.74316  1.683  1.75831  1.79721  1.76647  1.9171  
1.91204  1.9027  1.90391  1.81807  1.82072  1.67509  1.78938  1.76546  1.75394  1.72384  1.68867  1.76238  1.785  1.7511  1.91727  
1.91583  1.9003  1.91207  1.81826  1.83504  1.6626  1.79117  1.76606  1.75996  1.722  1.69268  1.77227  1.78378  1.74988  1.91817  
1.89553  1.88501  1.89331  1.81953  1.85088  1.66547  1.78852  1.75434  1.77633  1.71625  1.70027  1.75921  1.75421  1.74822  1.92123  
1.87543  1.8851  1.89223  1.81716  1.84855  1.67457  1.8071  1.7526  1.77571  1.72414  1.70241  1.73671  1.75703  1.75153  1.89554  
1.88205  1.89312  1.90365  1.82458  1.8352  1.67139  1.79389  1.74812  1.77475  1.7342  1.7041  1.74836  1.77734  1.74629  1.89154  
1.88346  1.88934  1.89961  1.82059  1.83073  1.68917  1.80598  1.76673  1.78672  1.74132  1.69961  1.75806  1.76071  1.74862  1.88322  
1.87828  1.89066  1.89278  1.82434  1.81943  1.69106  1.81169  1.75352  1.78456  1.75617  1.71651  1.75169  1.75309  1.75611  1.89802  
1.87029  1.8864  1.8914  1.82507  1.82648  1.68481  1.82222  1.76381  1.78247  1.75899  1.72525  1.75388  1.76053  1.74774  1.89536  
1.87471  1.88956  1.88914  1.82849  1.81462  1.68662  1.826  1.7645  1.7827  1.75912  1.7217  1.75635  1.76888  1.74511  1.87962  
1.88427  1.89794  1.88746  1.83439  1.80348  1.67948  1.82589  1.76995  1.78375  1.76557  1.71283  1.74598  1.76466  1.75477  1.8697  
1.89105  1.91032  1.89981  1.83991  1.79188  1.67879  1.82791  1.76569  1.78235  1.75195  1.71762  1.75907  1.75779  1.75571  1.88202  
1.89226  1.90346  1.89203  1.84509  1.79229  1.66675  1.82258  1.78064  1.7698  1.76338  1.71218  1.76099  1.74105  1.75283  1.86471  
1.89884  1.90279  1.88993  1.84338  1.79161  1.67173  1.81403  1.78877  1.77307  1.75595  1.72017  1.76893  1.73745  1.76234  1.8753  
1.8947  1.90619  1.88704  1.82611  1.78971  1.67021  1.81206  1.79128  1.77671  1.76424  1.71559  1.76783  1.74412  1.76529  1.88799  
1.89413  1.90802  1.88384  1.8223  1.79509  1.67819  1.80553  1.78573  1.77316  1.76981  1.71328  1.76589  1.74402  1.77563  1.88492  
1.89175  1.90342  1.88261  1.81356  1.791  1.68523  1.79723  1.78449  1.76971  1.76395  1.71923  1.77033  1.74761  1.77422  1.89479  
1.89814  1.90823  1.88381  1.81618  1.77954  1.68493  1.8087  1.79201  1.76115  1.76084  1.73047  1.76969  1.75471  1.78408  1.89057  
1.90043  1.90762  1.87898  1.81906  1.78773  1.68816  1.80635  1.78607  1.76373  1.75641  1.72596  1.77189  1.75236  1.78769  1.8938  
1.90088  1.91207  1.87478  1.81883  1.78416  1.69256  1.79921  1.78497  1.76909  1.76258  1.72528  1.77046  1.75091  1.77292  1.8992  
1.90564  1.91739  1.8723  1.81751  1.77079  1.68922  1.79493  1.78567  1.76597  1.75384  1.73247  1.76968  1.75105  1.77826  1.9038  
1.90659  1.92263  1.8703  1.81142  1.7753  1.69144  1.79761  1.79203  1.76161  1.74922  1.73133  1.76676  1.74483  1.78339  1.89915  
1.90813  1.92604  1.86943  1.81428  1.77413  1.69766  1.79838  1.7946  1.76399  1.75235  1.73078  1.76364  1.74759  1.78242  1.90273  
1.90786  1.92471  1.87654  1.81275  1.77706  1.69541  1.79943  1.79111  1.75822  1.75706  1.72977  1.76571  1.74878  1.78673  1.90698  
1.91032  1.92567  1.87436  1.81354  1.77866  1.69794  1.78812  1.7989  1.75158  1.75008  1.72997  1.76933  1.74637  1.79168  1.90264  
1.91137  1.92563  1.8754  1.8126  1.78894  1.69955  1.78059  1.79493  1.75128  1.74978  1.72405  1.77422  1.75254  1.79539  1.89419  
1.90898  1.92416  1.87433  1.81669  1.79995  1.70371  1.78173  1.79883  1.7458  1.74583  1.72998  1.77064  1.75475  1.79028  1.89327  
1.90615  1.92032  1.8753  1.82243  1.80125  1.70992  1.77652  1.80684  1.74697  1.75446  1.72578  1.76778  1.7525  1.79109  1.89937  
1.90684  1.92412  1.87675  1.82387  1.79671  1.71283  1.77689  1.80495  1.74708  1.75517  1.71448  1.77248  1.75372  1.77671  1.89402  
1.90564  1.92195  1.87674  1.8179  1.79453  1.71169  1.77905  1.80387  1.74866  1.74762  1.72166  1.7743  1.75242  1.77272  1.88929  
1.90588  1.92283  1.8771  1.81841  1.7967  1.7159  1.78617  1.80533  1.74958  1.7453  1.72454  1.77986  1.75393  1.77582  1.90006  
1.9092  1.92432  1.87618  1.81749  1.7964  1.71329  1.785  1.80635  1.75247  1.74065  1.73161  1.78047  1.75968  1.7747  1.89693  
1.90465  1.92367  1.87287  1.81246  1.79815  1.71767  1.78893  1.81316  1.75649  1.73453  1.72728  1.78643  1.7617  1.76842  1.90201  
1.89911  1.92595  1.86491  1.81332  1.79849  1.7177  1.78273  1.81391  1.75147  1.72807  1.72311  1.78722  1.75784  1.76634  1.89134  
1.8999  1.92124  1.86531  1.81096  1.80543  1.7117  1.77173  1.81456  1.75113  1.72603  1.73075  1.78652  1.75838  1.7657  1.89358  
1.90464  1.92502  1.86757  1.80753  1.80853  1.71459  1.77255  1.8104  1.7552  1.7233  1.73508  1.78978  1.75653  1.76292  1.88956  
1.90705  1.92417  1.86573  1.80922  1.81424  1.71165  1.76765  1.79924  1.74859  1.73061  1.7319  1.78495  1.75174  1.76356  1.88931  
1.90445  1.92155  1.87188  1.80786  1.81464  1.70706  1.76566  1.79601  1.74271  1.73305  1.73005  1.77711  1.7583  1.76564  1.88432  
1.90603  1.91977  1.86621  1.81081  1.81535  1.70981  1.76497  1.79796  1.74084  1.73424  1.72737  1.77963  1.7656  1.76231  1.88371  
1.90898  1.92175  1.86459  1.80903  1.81613  1.71249  1.77025  1.79777  1.74132  1.73589  1.73051  1.77684  1.76859  1.76372  1.88194  
1.90674  1.92191  1.86489  1.8082  1.81711  1.71405  1.76911  1.79738  1.74303  1.73663  1.73613  1.77183  1.76743  1.75972  1.88207  
1.90958  1.92377  1.86429  1.80561  1.81661  1.71772  1.77086  1.79428  1.74013  1.7298  1.73868  1.77675  1.77699  1.76211  1.87872  
1.91128  1.92466  1.86388  1.80351  1.8224  1.72247  1.77079  1.79333  1.74184  1.73468  1.73698  1.77667  1.77918  1.76361  1.87768  
1.91222  1.92407  1.8615  1.80302  1.82317  1.72597  1.77087  1.79647  1.74191  1.73789  1.73835  1.77946  1.77821  1.75784  1.8691  
1.9133  1.92487  1.8644  1.79981  1.81855  1.72999  1.77065  1.7919  1.74317  1.73427  1.74522  1.78349  1.77638  1.76182  1.86888  
1.91579  1.92432  1.86573  1.8001  1.81469  1.73196  1.76401  1.78872  1.7462  1.73233  1.74493  1.77914  1.77884  1.76305  1.86045  
1.91603  1.92264  1.86521  1.80239  1.81213  1.728  1.76609  1.78419  1.74232  1.73498  1.74486  1.77886  1.7807  1.76683  1.86272  
1.91667  1.925  1.86657  1.80119  1.80939  1.73397  1.76051  1.78649  1.74413  1.73463  1.74708  1.77841  1.78182  1.76255  1.86484  
1.91787  1.92616  1.86474  1.79677  1.80795  1.73642  1.76099  1.78953  1.74186  1.73557  1.74889  1.78035  1.77996  1.76015  1.86598  
1.91622  1.92473  1.86543  1.79632  1.80831  1.73962  1.76099  1.79229  1.73584  1.73286  1.7509  1.78432  1.77583  1.75822  1.86376  
1.91533  1.92046  1.86831  1.79253  1.81301  1.7435  1.75976  1.78625  1.7333  1.73445  1.7474  1.77776  1.77029  1.75692  1.86108  
1.91398  1.91758  1.87013  1.79425  1.81689  1.74044  1.75934  1.78724  1.7311  1.73314  1.74045  1.77904  1.76808  1.75454  1.85604  
1.90986  1.91689  1.87254  1.79442  1.82016  1.73651  1.75967  1.78463  1.73205  1.73574  1.74407  1.77776  1.76475  1.75931  1.8521  
1.91021  1.91963  1.87293  1.79536  1.82177  1.73529  1.7645  1.78649  1.72963  1.73661  1.74544  1.77757  1.76365  1.76029  1.85285  
1.91275  1.91604  1.87122  1.79577  1.81777  1.73782  1.76282  1.78844  1.72707  1.73194  1.73871  1.78095  1.76054  1.76314  1.85189  
1.90981  1.91302  1.87266  1.79532  1.81323  1.73743  1.76135  1.79019  1.72756  1.73119  1.74121  1.7791  1.75955  1.76407  1.85141  
1.9114  1.91865  1.87306  1.79876  1.80868  1.73657  1.76233  1.78784  1.72651  1.73119  1.74341  1.77703  1.75428  1.76888  1.85338  
1.91078  1.91867  1.87417  1.79862  1.80881  1.73591  1.76103  1.79204  1.72556  1.73573  1.74  1.7774  1.7565  1.76905  1.85727  
1.91326  1.91812  1.87401  1.80185  1.81185  1.73644  1.76262  1.79486  1.73116  1.73775  1.73651  1.77851  1.75587  1.76786  1.85731  
1.91356  1.91732  1.87552  1.80091  1.81394  1.73713  1.7609  1.79706  1.73174  1.73689  1.73414  1.77803  1.75587  1.77207  1.8588  
1.91222  1.91541  1.87679  1.80024  1.81394  1.73698  1.75959  1.79774  1.73206  1.73777  1.73498  1.78252  1.75391  1.77134  1.86106  
1.91112  1.91734  1.87948  1.79731  1.81488  1.74092  1.76022  1.80126  1.73531  1.74014  1.73436  1.78075  1.75686  1.7723  1.85903  
1.91248  1.91469  1.87912  1.7988  1.81646  1.73926  1.76045  1.79874  1.73941  1.738  1.73727  1.78088  1.75646  1.77165  1.85721  
1.91152  1.91487  1.87843  1.79765  1.81561  1.73132  1.7613  1.80317  1.74069  1.73805  1.73696  1.78073  1.76154  1.76929  1.85592  
1.91276  1.91196  1.88088  1.79806  1.81484  1.73447  1.75975  1.80415  1.74515  1.74081  1.736  1.78216  1.76054  1.76789  1.85485  
1.91443  1.91163  1.87951  1.80018  1.81578  1.73616  1.76133  1.8045  1.74561  1.7407  1.73701  1.78253  1.76087  1.76883  1.85323  
1.91288  1.9115  1.87926  1.79956  1.81956  1.73114  1.75616  1.79828  1.7488  1.74098  1.73986  1.77995  1.76027  1.76908  1.85674  
1.91334  1.91171  1.87966  1.80046  1.81788  1.73488  1.75559  1.79492  1.74631  1.73755  1.7427  1.77366  1.76136  1.76606  1.85478  
1.91342  1.91248  1.87942  1.80111  1.81724  1.73403  1.75507  1.7955  1.74646  1.73397  1.7441  1.77601  1.75894  1.76802  1.86148  
1.91334  1.91124  1.87949  1.80341  1.81684  1.73139  1.75653  1.79526  1.74608  1.73671  1.74635  1.77677  1.75661  1.76794  1.8629  
1.9138  1.91044  1.87886  1.804  1.81942  1.73223  1.75687  1.79469  1.74774  1.73822  1.74924  1.77541  1.75808  1.76446  1.86331  
1.91279  1.90957  1.87805  1.80392  1.82116  1.73411  1.75183  1.79684  1.75035  1.73675  1.74849  1.77359  1.75632  1.76173  1.86376  
1.91358  1.91054  1.87768  1.80534  1.81831  1.73574  1.74949  1.79891  1.74957  1.73896  1.75096  1.77315  1.75573  1.76193  1.85872  
1.91468  1.91227  1.87783  1.80576  1.81357  1.73427  1.74956  1.8024  1.75017  1.74054  1.74751  1.77224  1.75338  1.76228  1.85628  
1.91507  1.91211  1.87596  1.80852  1.81594  1.73359  1.75187  1.80447  1.74861  1.74386  1.74773  1.77542  1.75236  1.76426  1.85588  
1.9162  1.91534  1.87552  1.81145  1.81215  1.73092  1.75196  1.80705  1.74773  1.74398  1.74872  1.77105  1.75212  1.76647  1.85624  
1.9168  1.91553  1.87741  1.81221  1.81309  1.73108  1.75212  1.81102  1.75228  1.74292  1.7488  1.76909  1.75259  1.76501  1.85578  
1.91467  1.91498  1.87563  1.81565  1.81579  1.73143  1.75251  1.80611  1.7551  1.74287  1.75063  1.76799  1.75331  1.76586  1.85495  
1.9152  1.91525  1.87728  1.81593  1.81738  1.73408  1.75441  1.80582  1.75499  1.73963  1.75117  1.76994  1.75361  1.76413  1.85591  
1.91695  1.91506  1.87641  1.81627  1.81628  1.736  1.7544  1.80512  1.75545  1.73709  1.7527  1.76783  1.75209  1.76714  1.85384  
1.91695  1.91572  1.87761  1.81732  1.81521  1.73789  1.75445  1.80742  1.75809  1.73443  1.75557  1.7689  1.75403  1.76579  1.85492  
1.9184  1.91633  1.87895  1.81814  1.81529  1.73914  1.75308  1.80715  1.75948  1.73352  1.75459  1.76881  1.75409  1.76352  1.85568  
1.91686  1.91674  1.87767  1.82093  1.81572  1.74074  1.74888  1.80897  1.75881  1.73495  1.75476  1.76683  1.75267  1.76367  1.8563  
1.91744  1.91667  1.8762  1.81965  1.81421  1.74142  1.75137  1.81062  1.75956  1.73672  1.75517  1.76483  1.75202  1.76499  1.85305  
1.91822  1.91663  1.87599  1.81804  1.81596  1.74409  1.75119  1.8065  1.75861  1.73633  1.75411  1.76439  1.7545  1.76436  1.85148  
1.91932  1.91804  1.8749  1.81811  1.81621  1.74405  1.75088  1.80561  1.76018  1.73128  1.7554  1.76597  1.75539  1.76305  1.85185  
1.9205  1.91735  1.87587  1.81791  1.81305  1.74084  1.75113  1.80323  1.7628  1.73309  1.75505  1.76805  1.75369  1.76493  1.84819  
1.92085  1.91858  1.87704  1.81976  1.81573  1.7419  1.74844  1.79929  1.76272  1.73288  1.75571  1.76551  1.75252  1.76758  1.84908  
1.9195  1.91701  1.87661  1.82005  1.81449  1.73898  1.74794  1.79579  1.76177  1.73404  1.75469  1.76563  1.75225  1.76826  1.85237  
1.91732  1.91561  1.87762  1.81934  1.81371  1.73981  1.74771  1.79431  1.76335  1.73355  1.74997  1.76423  1.74888  1.77135  1.85134  
1.9161  1.91418  1.87818  1.81856  1.8112  1.73768  1.74747  1.79551  1.76197  1.73434  1.75211  1.76538  1.74984  1.77057  1.85347  
1.9154  1.9142  1.87847  1.81647  1.81296  1.73905  1.74818  1.7962  1.76121  1.73664  1.75159  1.76676  1.75162  1.77002  1.85441  
1.91652  1.91472  1.87936  1.8185  1.80986  1.74009  1.74369  1.79986  1.76263  1.73705  1.7526  1.76615  1.75134  1.76875  1.8547  
1.91592  1.91604  1.87958  1.81765  1.8105  1.73909  1.74151  1.79818  1.76536  1.73829  1.75536  1.76542  1.74937  1.76963  1.85366  
1.91555  1.91669  1.8791  1.81975  1.81016  1.73838  1.74274  1.7978  1.76615  1.74003  1.75437  1.76575  1.74862  1.76924  1.85344  
1.91581  1.91698  1.87843  1.81873  1.8133  1.73625  1.74597  1.79861  1.76567  1.73894  1.75577  1.76693  1.74696  1.76816  1.85697  
1.91472  1.91721  1.87736  1.81827  1.81394  1.73491  1.74511  1.79887  1.76385  1.73516  1.75373  1.76816  1.7476  1.76541  1.8594  
1.91414  1.91807  1.87747  1.8179  1.81206  1.73309  1.74348  1.79937  1.76583  1.73483  1.75344  1.76788  1.74884  1.76372  1.86123  
1.91222  1.91787  1.87699  1.81615  1.81352  1.7318  1.74372  1.79516  1.76503  1.73411  1.75294  1.76814  1.75027  1.76248  1.8621  
1.91172  1.91616  1.87706  1.81528  1.81444  1.73177  1.7451  1.79198  1.76529  1.7311  1.75062  1.77021  1.75254  1.76362  1.86205  
1.9136  1.91538  1.8771  1.81638  1.81476  1.73215  1.74652  1.793  1.7655  1.73238  1.74788  1.76705  1.75295  1.76147  1.86536  
1.91499  1.91598  1.87731  1.81421  1.8116  1.73326  1.74282  1.7922  1.76645  1.7316  1.74693  1.7655  1.7521  1.765  1.86697  
1.91556  1.9151  1.87673  1.81291  1.8104  1.73307  1.74327  1.78867  1.76481  1.73018  1.7463  1.76405  1.75179  1.76368  1.86334  
1.91348  1.91408  1.87681  1.8143  1.80894  1.73526  1.74123  1.78609  1.76219  1.73094  1.74672  1.76549  1.75291  1.76272  1.86059  
1.91266  1.91465  1.87615  1.81465  1.81061  1.73575  1.73857  1.78156  1.76224  1.7328  1.74775  1.76507  1.75287  1.76056  1.85695  
1.91486  1.91432  1.87524  1.81486  1.80997  1.73552  1.73584  1.78048  1.76321  1.7341  1.74977  1.76583  1.75285  1.75928  1.85544  
1.91649  1.91328  1.87548  1.81561  1.8112  1.7342  1.73797  1.78037  1.76298  1.73457  1.7491  1.76514  1.75422  1.76172  1.85416  
1.91576  1.91378  1.87563  1.81414  1.81051  1.73259  1.73828  1.77822  1.76358  1.73708  1.75064  1.76625  1.75591  1.75952  1.85134  
1.91597  1.91451  1.87409  1.81382  1.81229  1.73171  1.73929  1.776  1.76264  1.7392  1.75221  1.76667  1.75731  1.75904  1.85116  
1.91616  1.91499  1.87324  1.81425  1.81021  1.73142  1.73888  1.77714  1.76118  1.74018  1.75315  1.76936  1.75488  1.75983  1.85167  
1.91629  1.91355  1.87203  1.81425  1.81175  1.73323  1.74241  1.77872  1.75924  1.73739  1.75356  1.77078  1.75603  1.7584  1.85016  
1.91687  1.91156  1.87231  1.81582  1.81329  1.73586  1.74128  1.7794  1.75679  1.736  1.75438  1.76921  1.75673  1.75597  1.85051  
1.91712  1.90993  1.87288  1.8177  1.81142  1.73459  1.74162  1.77965  1.75465  1.73523  1.75587  1.77072  1.75723  1.75571  1.84807  
1.91706  1.91061  1.87158  1.81659  1.81187  1.73576  1.74239  1.77964  1.75514  1.7352  1.75634  1.76937  1.75508  1.75497  1.84909  
1.91658  1.91336  1.87199  1.81605  1.81258  1.73474  1.74312  1.77988  1.75587  1.73447  1.75688  1.76905  1.75458  1.75586  1.84768  
1.91642  1.91298  1.87391  1.81561  1.81258  1.73275  1.74304  1.77952  1.75531  1.73421  1.75624  1.7671  1.75594  1.75588  1.84726  
1.91731  1.91204  1.87131  1.81572  1.81348  1.73216  1.74118  1.77915  1.75466  1.73362  1.75787  1.76657  1.75425  1.75416  1.84619  
1.91717  1.91081  1.87301  1.81726  1.81348  1.72988  1.73894  1.77891  1.75433  1.73219  1.76017  1.76456  1.754  1.75472  1.84421  
1.91704  1.91103  1.87296  1.81908  1.81559  1.73215  1.7393  1.77704  1.75297  1.7305  1.7586  1.76512  1.75059  1.7537  1.84452  
1.91723  1.91134  1.87201  1.81745  1.81312  1.734  1.73617  1.77718  1.75326  1.72958  1.75673  1.76595  1.74948  1.75443  1.84618  
1.91724  1.91149  1.87178  1.81683  1.81452  1.73579  1.73455  1.77644  1.75597  1.72916  1.75511  1.76604  1.74972  1.75087  1.84919  
1.91746  1.91154  1.8721  1.81853  1.8166  1.7357  1.73805  1.77842  1.75764  1.73009  1.75493  1.76576  1.74719  1.7517  1.84907  
1.91737  1.91051  1.87322  1.82161  1.81559  1.73581  1.73891  1.77947  1.75972  1.73049  1.75577  1.76647  1.7462  1.74914  1.84678  
1.91836  1.91184  1.87277  1.82222  1.81591  1.73716  1.74127  1.78015  1.75959  1.73355  1.75649  1.76899  1.74587  1.75016  1.84835  
1.91877  1.91245  1.8741  1.82147  1.81502  1.73947  1.74298  1.77807  1.76018  1.73475  1.75548  1.7675  1.74737  1.7515  1.84918  
1.91817  1.91342  1.8761  1.82075  1.81534  1.73908  1.74176  1.77854  1.75973  1.73553  1.75581  1.7664  1.74749  1.75121  1.84876  
1.9182  1.91452  1.87787  1.82071  1.81588  1.73825  1.74305  1.7783  1.76017  1.73745  1.75679  1.76599  1.74867  1.75046  1.84973  
1.91575  1.91523  1.87922  1.8209  1.81363  1.73624  1.74179  1.7776  1.76171  1.7381  1.75187  1.76511  1.74717  1.75116  1.84787  
1.91702  1.91594  1.88007  1.82287  1.81381  1.73628  1.74419  1.77776  1.76184  1.7363  1.75127  1.76427  1.74511  1.75037  1.84599  
1.91591  1.916  1.88081  1.82195  1.81501  1.73626  1.74204  1.77658  1.76078  1.73674  1.75223  1.76271  1.74596  1.74995  1.8493  
1.9162  1.91746  1.87974  1.82206  1.81491  1.73695  1.74142  1.77571  1.75948  1.73662  1.75114  1.75891  1.74563  1.75156  1.85198  
1.91755  1.91668  1.88002  1.82363  1.81479  1.73705  1.74174  1.77665  1.75682  1.73598  1.75235  1.75685  1.74513  1.75194  1.8501  
1.91719  1.91638  1.8821  1.82513  1.81511  1.73561  1.74148  1.77654  1.75913  1.73612  1.75269  1.75568  1.74689  1.7523  1.84953  
1.91751  1.9154  1.88315  1.82342  1.81479  1.73485  1.74291  1.77593  1.75868  1.73628  1.75233  1.75442  1.74583  1.75279  1.8492  
1.91653  1.91553  1.88276  1.82188  1.81451  1.73595  1.74348  1.77416  1.75926  1.73412  1.75299  1.75404  1.74725  1.75634  1.85128  
1.91564  1.91441  1.88466  1.82131  1.81308  1.73528  1.743  1.77585  1.75917  1.73544  1.75372  1.7534  1.74784  1.75621  1.85001  
1.91687  1.91422  1.88382  1.82252  1.81154  1.73666  1.74415  1.77685  1.75981  1.7341  1.75405  1.75318  1.74928  1.75673  1.84944  
1.91692  1.91433  1.88349  1.82297  1.81038  1.73658  1.7436  1.77759  1.75916  1.73528  1.75282  1.75061  1.75118  1.75627  1.84647  
1.9173  1.91397  1.88269  1.82294  1.81073  1.73792  1.74312  1.77759  1.75913  1.73547  1.75387  1.75298  1.75214  1.75687  1.84631  
1.91719  1.91317  1.88325  1.82196  1.80887  1.73734  1.74261  1.7779  1.75816  1.7369  1.75172  1.75178  1.75041  1.75722  1.84685  
1.9173  1.91344  1.88389  1.82376  1.80909  1.73619  1.74324  1.77786  1.75694  1.7366  1.75145  1.75282  1.75005  1.75877  1.84949  
1.91841  1.91381  1.88352  1.82241  1.81002  1.73667  1.74193  1.77528  1.7572  1.73656  1.75054  1.75353  1.75183  1.76095  1.85107  
1.91806  1.91367  1.88257  1.82405  1.81121  1.73678  1.74386  1.77423  1.7578  1.73711  1.75167  1.7533  1.75348  1.76058  1.85116  
1.91814  1.91454  1.88164  1.82324  1.80958  1.73691  1.74368  1.77259  1.75808  1.73642  1.75128  1.75268  1.75426  1.76015  1.84945  
1.91736  1.91429  1.88091  1.82294  1.80961  1.73684  1.74433  1.7724  1.75734  1.73806  1.75143  1.75187  1.75529  1.76114  1.84874  
1.91673  1.91536  1.88018  1.82285  1.81087  1.73563  1.74363  1.77281  1.75909  1.73562  1.75285  1.75076  1.75583  1.76069  1.84874  
1.9167  1.9151  1.88013  1.82287  1.81081  1.73578  1.74379  1.7708  1.76031  1.73576  1.75446  1.74985  1.75619  1.76122  1.84687  
1.91698  1.91443  1.88098  1.82229  1.80934  1.73647  1.74478  1.77036  1.76081  1.73227  1.75378  1.74939  1.75533  1.76064  1.8449  
1.91717  1.91438  1.88195  1.82194  1.81029  1.73575  1.74704  1.76903  1.7609  1.73087  1.75063  1.74809  1.75322  1.76146  1.84505  
1.91801  1.9131  1.88156  1.82238  1.8102  1.73644  1.74638  1.77183  1.76012  1.73208  1.75215  1.74798  1.7526  1.76145  1.84505  
1.91773  1.91348  1.88292  1.82192  1.80959  1.73878  1.74646  1.77371  1.76089  1.73129  1.75241  1.74779  1.75281  1.76059  1.84655  
1.91738  1.91301  1.88329  1.82063  1.80844  1.73904  1.74636  1.77274  1.76223  1.73086  1.75354  1.74641  1.75232  1.76196  1.84775  
1.91754  1.91291  1.88367  1.82098  1.81072  1.73893  1.7452  1.77458  1.76083  1.7323  1.75311  1.74815  1.75281  1.76167  1.84986  
1.91636  1.91235  1.88482  1.82088  1.81135  1.73832  1.74636  1.77252  1.76007  1.7334  1.7525  1.74921  1.75332  1.76075  1.85024  
1.9164  1.914  1.88367  1.82169  1.81277  1.73867  1.74452  1.76994  1.75995  1.73216  1.75356  1.74806  1.75171  1.75938  1.8515  
