 esp1   esp2   esp3  PSI:0.769231 esp1   esp2   esp3  PSI:0.8 esp1   esp2   esp3  PSI:0.806452 esp1   esp2   esp3  PSI:0.813008
0.125293  -0.132233  -0.57846  0.17274  -0.253095  -0.446465  0.251481  -0.257523  -0.505229  0.225014  -0.263372  -0.478515  
0.144281  -0.144306  -0.59636  0.172893  -0.216596  -0.503031  0.176184  -0.182995  -0.526206  0.155791  -0.167303  -0.52293  
0.1675  -0.162778  -0.599154  0.165314  -0.207542  -0.513683  0.174771  -0.189401  -0.533346  0.150397  -0.16479  -0.528509  
0.169662  -0.163286  -0.601198  0.150547  -0.213517  -0.501053  0.18146  -0.195531  -0.530044  0.146119  -0.185515  -0.509556  
0.170273  -0.174195  -0.589782  0.164645  -0.223292  -0.504244  0.175816  -0.193181  -0.530468  0.155881  -0.194715  -0.512958  
0.160865  -0.170735  -0.584515  0.185437  -0.241268  -0.503509  0.164951  -0.176337  -0.536293  0.157987  -0.191889  -0.519989  
0.159432  -0.177495  -0.577537  0.176881  -0.241082  -0.499072  0.149311  -0.174553  -0.528695  0.151454  -0.196695  -0.510614  
0.153052  -0.182832  -0.567593  0.1663  -0.233217  -0.496387  0.150187  -0.182505  -0.523465  0.151728  -0.21342  -0.494049  
0.159691  -0.187692  -0.56749  0.15043  -0.218342  -0.496435  0.155176  -0.190397  -0.520067  0.154537  -0.211635  -0.499614  
0.157788  -0.186035  -0.566499  0.157373  -0.21883  -0.503127  0.15819  -0.192573  -0.520929  0.145912  -0.206613  -0.495526  
0.163796  -0.197359  -0.558849  0.156643  -0.221369  -0.499325  0.149328  -0.1801  -0.526017  0.152332  -0.211447  -0.497187  
0.172616  -0.203467  -0.56038  0.161404  -0.231542  -0.492874  0.152861  -0.188288  -0.520729  0.146106  -0.209211  -0.492744  
0.174537  -0.204188  -0.561202  0.159231  -0.230412  -0.492971  0.156891  -0.197881  -0.515445  0.146451  -0.209014  -0.491844  
0.171661  -0.201218  -0.562227  0.16215  -0.228141  -0.499418  0.158606  -0.202464  -0.511963  0.146842  -0.207553  -0.493045  
0.164396  -0.194055  -0.562642  0.154466  -0.220319  -0.500323  0.158881  -0.203124  -0.51137  0.150732  -0.209005  -0.495004  
0.165436  -0.19921  -0.558123  0.151275  -0.222651  -0.493378  0.155919  -0.199199  -0.513288  0.159073  -0.213541  -0.49875  
0.157644  -0.19208  -0.558181  0.150705  -0.223237  -0.491268  0.156293  -0.197993  -0.514414  0.161364  -0.210807  -0.503493  
0.1607  -0.192446  -0.561012  0.151749  -0.229021  -0.486178  0.156235  -0.197474  -0.515718  0.161199  -0.210426  -0.504133  
0.162228  -0.190659  -0.564795  0.152706  -0.229471  -0.486918  0.154639  -0.196112  -0.51584  0.160763  -0.213118  -0.501688  
0.163204  -0.192332  -0.564236  0.155924  -0.231146  -0.489228  0.158459  -0.196332  -0.519775  0.162301  -0.215653  -0.501203  
0.162897  -0.195039  -0.5622  0.152896  -0.227729  -0.490123  0.156649  -0.197317  -0.518126  0.160785  -0.214919  -0.501896  
0.162873  -0.19606  -0.561102  0.158836  -0.230474  -0.492588  0.15876  -0.196978  -0.521238  0.164354  -0.214358  -0.505829  
0.162513  -0.198324  -0.559224  0.159353  -0.230591  -0.493216  0.159881  -0.196974  -0.522552  0.162139  -0.215176  -0.503432  
0.166604  -0.201584  -0.558549  0.159286  -0.2326  -0.491199  0.161606  -0.196549  -0.524587  0.161144  -0.210975  -0.507487  
0.164206  -0.201574  -0.556538  0.158608  -0.230998  -0.492373  0.161924  -0.196034  -0.524562  0.162597  -0.212684  -0.506826  
0.166338  -0.207022  -0.553175  0.158221  -0.232856  -0.489606  0.161677  -0.19576  -0.524893  0.164335  -0.213436  -0.507783  
0.163185  -0.206072  -0.551289  0.156927  -0.231186  -0.489776  0.161261  -0.194779  -0.525634  0.165621  -0.216302  -0.505546  
0.163589  -0.206477  -0.550886  0.155499  -0.233221  -0.486942  0.162812  -0.197929  -0.523147  0.167965  -0.215164  -0.508348  
0.163622  -0.206696  -0.550522  0.155645  -0.231707  -0.488791  0.158597  -0.194831  -0.522782  0.169048  -0.214319  -0.509803  
0.161127  -0.204034  -0.551438  0.152912  -0.228154  -0.490114  0.157917  -0.194465  -0.523146  0.169958  -0.214789  -0.510719  
0.160767  -0.202201  -0.552407  0.153899  -0.226927  -0.492359  0.155205  -0.192674  -0.522589  0.169294  -0.215461  -0.509494  
0.159584  -0.201749  -0.551958  0.154024  -0.224777  -0.494628  0.153154  -0.192106  -0.520602  0.169026  -0.215459  -0.509332  
0.155874  -0.199956  -0.550703  0.155423  -0.226918  -0.493982  0.155794  -0.192647  -0.522228  0.170849  -0.215716  -0.51021  
0.157058  -0.199381  -0.552253  0.155468  -0.225917  -0.494976  0.155331  -0.192634  -0.522135  0.169092  -0.215109  -0.509209  
0.156214  -0.199212  -0.551547  0.154692  -0.223362  -0.496639  0.153414  -0.191957  -0.521224  0.16916  -0.2155  -0.509239  
0.154667  -0.200662  -0.548906  0.154445  -0.224087  -0.49558  0.151904  -0.191092  -0.520762  0.170239  -0.216682  -0.508648  
0.154667  -0.199494  -0.550361  0.153894  -0.222572  -0.496915  0.153172  -0.192039  -0.521224  0.171916  -0.217056  -0.509849  
0.153587  -0.198398  -0.550815  0.155282  -0.222575  -0.497905  0.15455  -0.193581  -0.521535  0.173736  -0.218646  -0.510292  
0.154425  -0.198728  -0.551573  0.152754  -0.21966  -0.498457  0.156398  -0.195637  -0.521502  0.173346  -0.219119  -0.509669  
0.152608  -0.195989  -0.552871  0.150684  -0.2159  -0.50027  0.156447  -0.198506  -0.518913  0.174672  -0.218639  -0.5111  
0.153982  -0.195176  -0.55505  0.15109  -0.215981  -0.500701  0.153989  -0.197273  -0.518235  0.17227  -0.216712  -0.510581  
0.15418  -0.192736  -0.557947  0.150201  -0.21344  -0.502378  0.154384  -0.197491  -0.518449  0.172751  -0.216256  -0.511804  
0.155087  -0.193555  -0.557954  0.149687  -0.210851  -0.505173  0.152933  -0.196945  -0.517665  0.172882  -0.214271  -0.514099  
0.154433  -0.193838  -0.55701  0.150569  -0.211226  -0.505791  0.153006  -0.196948  -0.517797  0.171661  -0.213258  -0.514195  
0.154589  -0.194568  -0.556853  0.14841  -0.208532  -0.506661  0.154012  -0.197692  -0.517819  0.17039  -0.211961  -0.514783  
0.152971  -0.192007  -0.557878  0.15009  -0.209653  -0.507077  0.156616  -0.199215  -0.518868  0.170558  -0.211786  -0.515185  
0.151453  -0.190171  -0.558409  0.150067  -0.210388  -0.506233  0.156602  -0.199493  -0.518803  0.171352  -0.212504  -0.515257  
0.151326  -0.189595  -0.559119  0.150851  -0.210195  -0.507501  0.155968  -0.197696  -0.520353  0.172104  -0.211648  -0.516946  
0.151028  -0.189143  -0.559637  0.150997  -0.210391  -0.507696  0.154922  -0.197925  -0.519143  0.172101  -0.211449  -0.517365  
0.150852  -0.187294  -0.561029  0.150709  -0.211759  -0.505151  0.15292  -0.198152  -0.517152  0.173229  -0.212664  -0.516833  
0.151179  -0.186979  -0.561524  0.151834  -0.212476  -0.505425  0.15251  -0.197413  -0.517945  0.173016  -0.213494  -0.515531  
0.152112  -0.186813  -0.562687  0.151692  -0.213157  -0.504626  0.151842  -0.1978  -0.517041  0.171497  -0.214575  -0.513455  
0.153502  -0.18843  -0.562344  0.150448  -0.212781  -0.503994  0.152193  -0.198774  -0.516434  0.170096  -0.213685  -0.513156  
0.153213  -0.18791  -0.56287  0.150951  -0.212664  -0.504916  0.152782  -0.199722  -0.51611  0.169886  -0.212899  -0.513842  
0.153178  -0.187689  -0.563037  0.151254  -0.21229  -0.505778  0.153978  -0.199905  -0.516904  0.170339  -0.213518  -0.51379  
0.151902  -0.185901  -0.563867  0.151126  -0.211645  -0.506489  0.1541  -0.200362  -0.51652  0.168591  -0.211432  -0.514334  
0.151669  -0.185729  -0.563499  0.152172  -0.21202  -0.506841  0.155486  -0.201703  -0.516346  0.169324  -0.213179  -0.513036  
0.153454  -0.186593  -0.564406  0.152615  -0.211241  -0.508165  0.156306  -0.202787  -0.516003  0.169568  -0.213742  -0.512809  
0.153443  -0.186407  -0.564337  0.153711  -0.211731  -0.508278  0.155175  -0.201298  -0.5166  0.170769  -0.214408  -0.513372  
0.151901  -0.185574  -0.564116  0.154575  -0.211751  -0.509247  0.154894  -0.200991  -0.516615  0.170041  -0.214726  -0.512365  
0.152457  -0.187134  -0.563216  0.155645  -0.212641  -0.509251  0.153378  -0.200752  -0.51543  0.169826  -0.21532  -0.51152  
0.152142  -0.187337  -0.562921  0.153924  -0.211436  -0.508777  0.154608  -0.201814  -0.515631  0.16793  -0.214145  -0.510757  
0.151645  -0.187357  -0.562464  0.155427  -0.211763  -0.509708  0.154837  -0.203596  -0.51409  0.168859  -0.2147  -0.511045  
0.151597  -0.187632  -0.562316  0.155717  -0.211451  -0.510298  0.155776  -0.204702  -0.513712  0.169263  -0.214384  -0.511631  
0.151479  -0.187401  -0.562232  0.155933  -0.21083  -0.511286  0.156157  -0.205204  -0.513742  0.16921  -0.21357  -0.512491  
0.152869  -0.188028  -0.562802  0.156448  -0.210422  -0.512373  0.157449  -0.207235  -0.512978  0.167984  -0.213652  -0.511141  
0.153962  -0.188474  -0.56347  0.156656  -0.211573  -0.511641  0.158278  -0.208442  -0.512603  0.16818  -0.213631  -0.511525  
0.15451  -0.18839  -0.564037  0.155317  -0.210884  -0.511427  0.158359  -0.208458  -0.512678  0.167946  -0.214046  -0.510778  
0.154697  -0.18825  -0.564508  0.155558  -0.211561  -0.511206  0.158194  -0.206926  -0.514135  0.167048  -0.212396  -0.511821  
0.153928  -0.188228  -0.563978  0.156023  -0.211465  -0.511648  0.158586  -0.207894  -0.51389  0.167589  -0.212558  -0.511985  
0.1528  -0.187893  -0.563323  0.155734  -0.211185  -0.511535  0.157643  -0.207058  -0.513894  0.168429  -0.213151  -0.512279  
0.152722  -0.188854  -0.56222  0.15537  -0.210938  -0.511253  0.158198  -0.207519  -0.513732  0.168231  -0.213536  -0.51174  
0.152976  -0.189136  -0.562219  0.154837  -0.2104  -0.511519  0.157324  -0.206724  -0.513377  0.16945  -0.213942  -0.512289  
0.154264  -0.190016  -0.562585  0.154487  -0.209774  -0.511707  0.15834  -0.207627  -0.513236  0.170171  -0.214089  -0.512843  
0.153837  -0.189002  -0.563039  0.155348  -0.210748  -0.511512  0.158127  -0.207817  -0.512921  0.17095  -0.214476  -0.513224  
0.154072  -0.189292  -0.562904  0.156389  -0.212202  -0.510611  0.158123  -0.208168  -0.512501  0.170997  -0.214353  -0.513476  
0.154832  -0.190005  -0.562868  0.156165  -0.210771  -0.512155  0.158024  -0.207866  -0.512677  0.169944  -0.212095  -0.514849  
0.154554  -0.189298  -0.563185  0.154507  -0.209003  -0.512433  0.158259  -0.208113  -0.512856  0.169033  -0.211624  -0.514766  
0.155075  -0.190135  -0.562808  0.154036  -0.210626  -0.510514  0.158298  -0.20793  -0.51333  0.169765  -0.211369  -0.515834  
0.155039  -0.190269  -0.562478  0.153733  -0.209311  -0.511909  0.159312  -0.209689  -0.512192  0.169493  -0.210773  -0.51608  
0.156043  -0.191281  -0.562201  0.154057  -0.209271  -0.51254  0.160843  -0.211266  -0.511941  0.169295  -0.210434  -0.516227  
0.155818  -0.190124  -0.563175  0.153467  -0.209902  -0.511342  0.160181  -0.211835  -0.510969  0.167812  -0.210217  -0.515075  
0.157168  -0.192163  -0.562287  0.15396  -0.209505  -0.51226  0.160777  -0.212782  -0.510209  0.167472  -0.210677  -0.514443  
0.157507  -0.192732  -0.561996  0.153683  -0.20937  -0.512264  0.16147  -0.213848  -0.509515  0.168291  -0.211554  -0.514165  
0.158147  -0.193608  -0.561563  0.153049  -0.209259  -0.511887  0.161319  -0.213235  -0.510025  0.168911  -0.212396  -0.513905  
0.15915  -0.194223  -0.561638  0.153253  -0.209296  -0.512193  0.162001  -0.214041  -0.510024  0.169763  -0.213623  -0.513616  
0.159075  -0.193719  -0.562047  0.153535  -0.209144  -0.512569  0.160955  -0.214084  -0.509238  0.170345  -0.213775  -0.514206  
0.158718  -0.193959  -0.561363  0.153566  -0.208723  -0.513253  0.160763  -0.214496  -0.508847  0.170076  -0.212884  -0.514781  
0.158045  -0.19426  -0.560449  0.153094  -0.2085  -0.512874  0.160917  -0.214683  -0.508785  0.170902  -0.212988  -0.515549  
0.15911  -0.195002  -0.560541  0.152792  -0.208281  -0.512743  0.161113  -0.214283  -0.509384  0.17064  -0.212114  -0.516197  
0.158022  -0.194573  -0.559994  0.152412  -0.208522  -0.512198  0.161421  -0.214666  -0.509186  0.17099  -0.21187  -0.516717  
0.1587  -0.195182  -0.559677  0.15193  -0.207818  -0.512596  0.161884  -0.215236  -0.509034  0.171173  -0.21106  -0.517693  
0.15904  -0.194951  -0.560278  0.151867  -0.207631  -0.512741  0.161814  -0.215032  -0.509382  0.170055  -0.210957  -0.516762  
0.159896  -0.19562  -0.560347  0.152547  -0.207808  -0.513153  0.162176  -0.214971  -0.50989  0.170595  -0.211704  -0.51645  
0.159638  -0.195567  -0.560094  0.153171  -0.208111  -0.513426  0.161846  -0.214535  -0.509976  0.1704  -0.211646  -0.516372  
0.158818  -0.194818  -0.560154  0.153186  -0.2076  -0.513936  0.162347  -0.215185  -0.509776  0.170324  -0.210948  -0.516986  
0.159211  -0.19528  -0.560087  0.152758  -0.20667  -0.514536  0.162404  -0.215653  -0.509419  0.169858  -0.210441  -0.517145  
0.159608  -0.195667  -0.56005  0.152599  -0.206007  -0.515052  0.162256  -0.216665  -0.508439  0.170002  -0.210146  -0.517531  
0.160216  -0.196775  -0.559394  0.15287  -0.206185  -0.514992  0.162879  -0.216775  -0.508792  0.170226  -0.209993  -0.517886  
0.159883  -0.195944  -0.559805  0.153274  -0.205988  -0.515782  0.162359  -0.216134  -0.50909  0.169968  -0.210748  -0.516933  
0.159929  -0.195942  -0.559966  0.153912  -0.206856  -0.515518  0.162532  -0.216454  -0.508996  0.169705  -0.210655  -0.516779  
0.159487  -0.196158  -0.559386  0.153309  -0.206941  -0.514891  0.163138  -0.217191  -0.508757  0.169068  -0.210486  -0.51645  
0.160324  -0.19654  -0.559678  0.154062  -0.207658  -0.514935  0.162385  -0.216964  -0.508064  0.168083  -0.210291  -0.515755  
0.160843  -0.197478  -0.559253  0.154292  -0.208792  -0.513794  0.162689  -0.217517  -0.507821  0.166718  -0.209499  -0.515267  
0.160853  -0.19768  -0.559077  0.154298  -0.208563  -0.5139  0.162282  -0.217039  -0.507938  0.166923  -0.210147  -0.514911  
0.159915  -0.197134  -0.558747  0.153825  -0.208525  -0.513431  0.162472  -0.217364  -0.507828  0.167645  -0.21074  -0.515074  
0.160547  -0.197484  -0.5588  0.153988  -0.208361  -0.513831  0.162496  -0.21719  -0.5081  0.166944  -0.209677  -0.515403  
0.159925  -0.197471  -0.558323  0.154744  -0.209087  -0.51382  0.162958  -0.219121  -0.50657  0.166733  -0.208455  -0.516298  
0.160072  -0.197497  -0.558342  0.155176  -0.209955  -0.5133  0.162189  -0.218726  -0.50637  0.166708  -0.208861  -0.515914  
0.160543  -0.198162  -0.558081  0.155014  -0.209938  -0.513084  0.162044  -0.218169  -0.506812  0.167173  -0.209541  -0.515632  
0.161331  -0.198365  -0.558453  0.155244  -0.210858  -0.512353  0.162909  -0.218385  -0.507337  0.167522  -0.209768  -0.515681  
0.161687  -0.198648  -0.558447  0.154961  -0.210857  -0.512179  0.163424  -0.21933  -0.506725  0.167535  -0.209715  -0.515717  
0.161262  -0.198584  -0.558295  0.154362  -0.210562  -0.512116  0.162811  -0.218985  -0.506587  0.168  -0.210166  -0.515553  
0.161515  -0.19854  -0.55869  0.153932  -0.210347  -0.51194  0.162562  -0.21858  -0.506818  0.167605  -0.210782  -0.514593  
0.161467  -0.198254  -0.558847  0.153555  -0.209841  -0.511983  0.162677  -0.21833  -0.507044  0.167124  -0.211021  -0.513884  
0.1616  -0.19834  -0.558943  0.153546  -0.209721  -0.512188  0.16266  -0.217891  -0.507198  0.167188  -0.21083  -0.514212  
0.160932  -0.19829  -0.558455  0.153644  -0.209537  -0.512394  0.16235  -0.21856  -0.506136  0.166559  -0.210249  -0.514206  
0.161008  -0.198677  -0.558158  0.15264  -0.20822  -0.512963  0.161964  -0.217907  -0.506564  0.166113  -0.210626  -0.513283  
0.160951  -0.198966  -0.557856  0.152602  -0.207547  -0.513629  0.162227  -0.218861  -0.505877  0.165371  -0.210371  -0.512857  
0.160891  -0.198481  -0.558359  0.152715  -0.207562  -0.513696  0.161893  -0.219197  -0.505251  0.165049  -0.211179  -0.511845  
0.161239  -0.199069  -0.558084  0.151929  -0.206559  -0.513841  0.161519  -0.219504  -0.504651  0.164894  -0.211274  -0.511626  
0.161316  -0.198862  -0.558468  0.151729  -0.206658  -0.513591  0.162098  -0.219653  -0.505089  0.165614  -0.212226  -0.511261  
0.160706  -0.198278  -0.558605  0.15158  -0.206909  -0.513228  0.161964  -0.21938  -0.505372  0.165612  -0.212808  -0.510646  
0.161359  -0.198647  -0.558741  0.151337  -0.206827  -0.513108  0.162116  -0.219286  -0.505685  0.165573  -0.213368  -0.510132  
0.161658  -0.199526  -0.558075  0.152005  -0.207821  -0.51259  0.162384  -0.219769  -0.505532  0.165953  -0.213543  -0.510151  
0.161525  -0.198985  -0.558356  0.152565  -0.208072  -0.512916  0.163373  -0.220057  -0.506102  0.166214  -0.213446  -0.510683  
0.161331  -0.198368  -0.55882  0.152856  -0.207724  -0.51344  0.163443  -0.220488  -0.505761  0.166275  -0.213337  -0.5108  
0.161499  -0.199033  -0.558325  0.152928  -0.208181  -0.513108  0.163259  -0.220139  -0.506062  0.166225  -0.213206  -0.510887  
0.161692  -0.199159  -0.558417  0.152989  -0.207933  -0.513429  0.163562  -0.220317  -0.506254  0.166519  -0.213584  -0.510846  
0.162085  -0.19947  -0.558514  0.152863  -0.20805  -0.513216  0.163458  -0.219961  -0.506554  0.166247  -0.213171  -0.511079  
0.162029  -0.199402  -0.55852  0.15276  -0.208475  -0.51275  0.163814  -0.220465  -0.506523  0.166189  -0.213193  -0.510938  
0.162381  -0.199613  -0.558572  0.152491  -0.208274  -0.512873  0.163709  -0.220877  -0.506058  0.165616  -0.212559  -0.510856  
0.16238  -0.199612  -0.558576  0.151745  -0.207906  -0.512626  0.163285  -0.220971  -0.505621  0.16598  -0.213093  -0.510732  
0.162564  -0.199319  -0.559131  0.152079  -0.207717  -0.513143  0.163324  -0.220917  -0.505626  0.165484  -0.212966  -0.510435  
0.162321  -0.199627  -0.558674  0.152257  -0.207434  -0.513582  0.163092  -0.221542  -0.504805  0.16574  -0.213258  -0.510447  
0.162278  -0.199232  -0.558942  0.152449  -0.20719  -0.513973  0.162279  -0.220923  -0.504581  0.165633  -0.213324  -0.510195  
0.162287  -0.198735  -0.559475  0.152419  -0.207176  -0.513815  0.163005  -0.22086  -0.505341  0.166086  -0.213364  -0.510619  
0.162122  -0.198778  -0.559239  0.152836  -0.207711  -0.513615  0.163039  -0.220648  -0.505601  0.166339  -0.2134  -0.51088  
0.161893  -0.198419  -0.559465  0.152952  -0.207487  -0.51403  0.163584  -0.220679  -0.505946  0.166366  -0.213249  -0.511093  
0.161602  -0.198279  -0.559275  0.153116  -0.207061  -0.514666  0.16396  -0.220678  -0.506337  0.166187  -0.213589  -0.510568  
0.161809  -0.198456  -0.55925  0.152735  -0.206656  -0.514656  0.163341  -0.220208  -0.506194  0.166031  -0.213259  -0.510744  
0.161671  -0.198155  -0.559528  0.152724  -0.206873  -0.514406  0.16328  -0.219742  -0.506726  0.166422  -0.213828  -0.510433  
0.161321  -0.198273  -0.559058  0.152355  -0.206937  -0.514129  0.162954  -0.219676  -0.506529  0.166089  -0.213591  -0.510378  
0.161167  -0.198041  -0.559127  0.152151  -0.206649  -0.514327  0.163302  -0.219436  -0.507262  0.165912  -0.213319  -0.510515  
0.161428  -0.198069  -0.559284  0.152288  -0.206842  -0.5143  0.162855  -0.219471  -0.506871  0.166075  -0.213855  -0.510111  
0.160837  -0.197367  -0.55951  0.152275  -0.206628  -0.514541  0.162675  -0.219409  -0.506762  0.165849  -0.213805  -0.509961  
0.161057  -0.197667  -0.559422  0.152173  -0.206461  -0.514543  0.162476  -0.219046  -0.507056  0.16585  -0.213544  -0.510336  
0.160768  -0.197234  -0.559594  0.152229  -0.206942  -0.514147  0.162357  -0.218965  -0.507071  0.165318  -0.21289  -0.510627  
0.16078  -0.197327  -0.559571  0.152037  -0.206896  -0.514155  0.162591  -0.218857  -0.507358  0.165093  -0.212768  -0.510516  
0.160487  -0.197034  -0.559654  0.152191  -0.206797  -0.514415  0.162549  -0.218633  -0.507648  0.164684  -0.212726  -0.510215  
0.160122  -0.196932  -0.559454  0.151945  -0.206649  -0.514308  0.162156  -0.218246  -0.507772  0.164895  -0.212535  -0.510657  
0.159646  -0.196719  -0.559241  0.152141  -0.206529  -0.514593  0.161847  -0.217491  -0.508267  0.16565  -0.213234  -0.510636  
0.159136  -0.196372  -0.559163  0.152055  -0.206435  -0.514574  0.161511  -0.217202  -0.508101  0.165604  -0.212971  -0.510895  
0.158915  -0.196016  -0.559363  0.151969  -0.205943  -0.514937  0.161017  -0.216677  -0.508212  0.165767  -0.213179  -0.510861  
0.158596  -0.196071  -0.558909  0.151841  -0.205932  -0.514881  0.161136  -0.216985  -0.507995  0.165645  -0.212939  -0.510994  
0.158856  -0.19634  -0.558863  0.151985  -0.206449  -0.514545  0.16109  -0.216739  -0.508216  0.165145  -0.212306  -0.511188  
0.159494  -0.196901  -0.558753  0.15199  -0.206319  -0.514679  0.160891  -0.216855  -0.507848  0.164646  -0.21237  -0.510591  
0.159576  -0.196713  -0.558957  0.151971  -0.206264  -0.514795  0.161425  -0.217009  -0.508025  0.164309  -0.212221  -0.510386  
0.159446  -0.196949  -0.558595  0.151559  -0.205668  -0.515061  0.161522  -0.217194  -0.507895  0.164452  -0.212859  -0.509816  
0.159102  -0.196518  -0.558743  0.151593  -0.205735  -0.515104  0.161713  -0.21726  -0.507847  0.164882  -0.213467  -0.509504  
0.159188  -0.196318  -0.559121  0.151343  -0.205731  -0.514921  0.161891  -0.217704  -0.50746  0.164723  -0.213149  -0.5097  
0.159194  -0.196338  -0.559097  0.151227  -0.205532  -0.515081  0.162178  -0.218044  -0.50724  0.164255  -0.213097  -0.509371  
0.159231  -0.196742  -0.558665  0.151718  -0.206006  -0.514911  0.16247  -0.218145  -0.507328  0.164489  -0.213522  -0.508946  
0.15922  -0.196497  -0.558947  0.151912  -0.206473  -0.514523  0.162679  -0.217765  -0.507933  0.164537  -0.213954  -0.508409  
0.159149  -0.196431  -0.558914  0.152133  -0.206581  -0.514675  0.162656  -0.217927  -0.50787  0.164923  -0.213677  -0.509097  
0.158928  -0.196307  -0.558818  0.152553  -0.206494  -0.515082  0.162389  -0.217546  -0.508035  0.165468  -0.213862  -0.509442  
0.158462  -0.196008  -0.558703  0.152748  -0.206684  -0.515161  0.16256  -0.217804  -0.507929  0.165099  -0.213654  -0.509379  
0.158903  -0.196003  -0.55912  0.152593  -0.206506  -0.515235  0.162143  -0.217583  -0.507818  0.165737  -0.213972  -0.509566  
0.159109  -0.196105  -0.559109  0.152574  -0.206651  -0.515107  0.162554  -0.217795  -0.507986  0.165186  -0.213828  -0.509255  
0.158976  -0.195599  -0.559561  0.15281  -0.206871  -0.515184  0.162287  -0.217976  -0.507536  0.164645  -0.213842  -0.508823  
